Run 0
Start: 1516468326.85
End: 1516468534.13
Elapsed: 207.277910948
Scores: [7, 14, 10, 11, 5, 1, 6, 12, 18, 4, 7, 7, 18, 8, 10, 12, 1, 1, 8, 12, 3, 12, 6, 6, 1, 4, 11, 3, 15, 12, 2, 5, 11, 4, 10, 3, 5, 8, 12, 13, 13, 10, 13, 11, 7, 12, 1, 8, 1, 3, 4, 5, 9, 6, 3, 21, 14, 1, 3, 4, 3, 1, 3, 5, 13, 15, 3, 1, 5, 8, 10, 3, 5, 1, 1, 6, 9, 2, 3, 5, 9, 16, 2, 1, 8, 8, 7, 2, 10, 9, 2, 1, 7, 5, 7, 6, 12, 9, 1, 20, 17, 7, 10, 8, 10, 4, 10, 8, 17, 2, 8, 7, 4, 5, 4, 1, 11, 19, 12, 10, 1, 7, 1, 1, 3, 3, 8, 2, 5, 7, 3, 1, 6, 2, 7, 7, 3, 7, 3, 7, 8, 2, 1, 13, 6, 7, 2, 2, 2, 3, 6, 14, 13, 12, 1, 3, 5, 5, 7, 14, 12, 3, 1, 10, 17, 2, 9, 2, 10, 11, 8, 4, 5, 2, 1, 6, 6, 10, 3, 1, 1, 4, 1, 10, 9, 20, 19, 7, 7, 2, 10, 1, 7, 4, 1, 19, 7, 2, 8, 1, 15, 5, 1, 7, 1, 7, 1, 13, 6, 12, 3, 3, 15, 1, 8, 1, 7, 2, 1, 6, 2, 3, 4, 3, 8, 1, 1, 5, 2, 7, 10, 3, 3, 6, 1, 5, 5, 1, 8, 3, 8, 11, 1, 6, 2, 12, 8, 3, 3, 2, 15, 5, 14, 14, 1, 1, 1, 10, 2, 13, 12, 12, 8, 9, 4, 5, 4, 3, 1, 5, 11, 2, 2, 9, 4, 1, 1, 1, 9, 1, 17, 6, 1, 3, 18, 3, 4, 10, 3, 15, 8, 4, 4, 9, 7, 3, 10, 10, 1, 5, 5, 2, 11, 10, 12, 1, 8, 9, 7, 8, 8, 11, 1, 24, 9, 1, 5, 8, 1, 1, 2, 10, 10, 16, 8, 11, 15, 5, 17, 13, 8, 2, 1, 6, 10, 4, 6, 4, 4, 7, 1, 5, 17, 7, 3, 10, 9, 9, 7, 4, 12, 7, 11, 3, 1, 1, 3, 3, 11, 8, 8, 4, 2, 6, 7, 7, 17, 4, 2, 5, 5, 7, 5, 10, 6, 5, 1, 1, 1, 1, 3, 9, 2, 13, 5, 13, 3, 4, 1, 3, 8, 10, 9, 6, 19, 3, 1, 13, 6, 5, 8, 1, 8, 5, 18, 9, 7, 10, 13, 15, 9, 4, 1, 3, 1, 1, 8, 8, 19, 12, 2, 6, 13, 5, 12, 1, 1, 9, 6, 10, 5, 1, 17, 4, 7, 6, 3, 1, 1, 10, 1, 16, 2, 5, 4, 8, 7, 9, 6, 6, 1, 5, 4, 2, 1, 7, 8, 10, 4, 14, 14, 1, 1, 8, 1, 5, 1, 3, 1, 12, 5, 1, 1, 10, 6, 3, 5, 13, 7, 5, 6, 8, 2, 1, 13, 7, 1, 5, 1, 2, 8, 15, 5, 7, 10, 4, 11, 7, 3, 17]

Run 1
Start: 1516468534.76
End: 1516468728.53
Elapsed: 193.774356127
Scores: [5, 11, 13, 2, 9, 7, 5, 6, 6, 4, 4, 13, 8, 7, 16, 7, 1, 9, 11, 2, 12, 3, 11, 3, 8, 4, 3, 6, 6, 7, 4, 4, 13, 2, 6, 1, 5, 6, 1, 4, 7, 3, 1, 6, 1, 13, 2, 3, 5, 13, 7, 4, 5, 7, 4, 1, 4, 3, 1, 3, 17, 1, 5, 10, 11, 6, 4, 8, 4, 1, 3, 7, 5, 2, 6, 13, 9, 19, 3, 2, 3, 2, 4, 5, 15, 11, 2, 8, 2, 7, 5, 5, 21, 13, 11, 9, 14, 7, 5, 2, 6, 8, 6, 14, 9, 12, 6, 11, 6, 1, 9, 6, 4, 10, 6, 4, 1, 3, 7, 13, 3, 3, 14, 3, 5, 7, 22, 17, 12, 1, 3, 5, 8, 9, 8, 4, 9, 2, 6, 3, 4, 2, 8, 17, 8, 2, 7, 4, 7, 19, 10, 7, 9, 3, 10, 2, 2, 9, 4, 2, 5, 3, 4, 8, 7, 15, 2, 1, 8, 3, 2, 7, 5, 6, 5, 11, 6, 22, 5, 4, 5, 10, 3, 10, 10, 10, 10, 6, 8, 7, 12, 2, 9, 7, 25, 4, 4, 11, 5, 7, 10, 1, 8, 4, 19, 18, 8, 5, 4, 4, 4, 2, 19, 13, 6, 12, 15, 11, 4, 7, 2, 10, 9, 5, 4, 5, 4, 12, 5, 9, 1, 3, 3, 5, 8, 6, 13, 4, 16, 3, 10, 6, 7, 5, 3, 22, 1, 12, 5, 6, 15, 9, 16, 6, 9, 5, 11, 4, 10, 2, 4, 6, 16, 5, 6, 3, 6, 11, 8, 5, 7, 8, 1, 11, 4, 11, 4, 5, 8, 5, 13, 4, 6, 5, 4, 5, 8, 4, 13, 9, 11, 1, 3, 2, 11, 4, 5, 2, 4, 6, 11, 5, 10, 4, 5, 3, 8, 5, 1, 15, 8, 2, 1, 2, 6, 14, 9, 5, 3, 3, 1, 5, 1, 3, 10, 18, 2, 16, 5, 1, 4, 11, 3, 5, 1, 5, 6, 2, 3, 10, 5, 4, 9, 2, 5, 12, 12, 5, 10, 5, 5, 4, 9, 2, 3, 5, 3, 1, 4, 1, 3, 14, 10, 10, 8, 4, 8, 2, 6, 3, 2, 14, 7, 7, 9, 9, 2, 1, 4, 15, 3, 10, 4, 3, 6, 2, 5, 5, 4, 10, 11, 5, 4, 4, 5, 2, 7, 3, 3, 11, 9, 11, 6, 6, 5, 5, 5, 12, 10, 9, 1, 7, 2, 19, 6, 7, 1, 7, 4, 6, 9, 9, 4, 6, 14, 15, 9, 8, 3, 12, 5, 2, 9, 6, 3, 9, 5, 4, 11, 2, 11, 8, 1, 1, 5, 4, 1, 2, 3, 8, 2, 8, 10, 2, 6, 4, 4, 4, 8, 7, 3, 4, 6, 7, 4, 21, 2, 2, 9, 16, 8, 6, 4, 11, 2, 3, 4, 6, 2, 14, 4, 7, 8, 10, 7, 7, 4, 11, 7, 3, 16, 4, 5, 2, 15, 10, 5, 2, 5, 4]

Run 2
Start: 1516468729.3
End: 1516468918.59
Elapsed: 189.283451796
Scores: [19, 7, 12, 13, 1, 10, 8, 2, 2, 5, 4, 2, 13, 8, 1, 8, 5, 1, 6, 12, 15, 9, 1, 9, 8, 2, 10, 15, 5, 8, 2, 7, 12, 11, 11, 5, 1, 11, 5, 7, 2, 1, 16, 10, 5, 13, 6, 12, 17, 12, 6, 1, 19, 1, 12, 4, 5, 7, 4, 4, 13, 2, 14, 11, 16, 8, 4, 15, 2, 5, 2, 4, 4, 4, 5, 2, 13, 2, 1, 13, 13, 7, 3, 13, 15, 1, 11, 8, 2, 2, 15, 14, 24, 14, 14, 4, 6, 12, 1, 1, 1, 5, 13, 4, 10, 17, 1, 15, 13, 6, 8, 4, 15, 15, 11, 2, 17, 4, 2, 4, 11, 6, 7, 15, 6, 1, 13, 10, 14, 15, 8, 12, 7, 3, 1, 16, 17, 14, 6, 9, 3, 15, 16, 1, 15, 15, 13, 13, 6, 13, 11, 7, 13, 10, 14, 2, 2, 13, 2, 3, 1, 13, 17, 8, 12, 6, 13, 16, 3, 18, 4, 4, 10, 11, 1, 5, 13, 3, 13, 18, 14, 5, 2, 13, 2, 23, 4, 12, 16, 14, 14, 10, 2, 7, 4, 4, 9, 12, 1, 3, 15, 16, 11, 10, 5, 11, 2, 15, 1, 2, 1, 12, 6, 13, 1, 3, 11, 11, 1, 7, 14, 1, 7, 15, 13, 5, 1, 12, 16, 1, 8, 7, 3, 8, 11, 4, 1, 10, 11, 6, 14, 1, 1, 5, 3, 9, 1, 2, 4, 1, 1, 12, 4, 5, 6, 3, 11, 3, 15, 2, 11, 4, 6, 5, 2, 5, 2, 6, 15, 10, 14, 16, 3, 1, 2, 12, 16, 6, 5, 13, 16, 28, 11, 3, 16, 8, 6, 7, 2, 1, 1, 15, 10, 9, 10, 4, 8, 4, 6, 2, 2, 16, 2, 10, 13, 4, 5, 15, 6, 9, 2, 6, 2, 16, 4, 3, 8, 3, 13, 3, 15, 13, 8, 8, 13, 3, 10, 5, 3, 8, 20, 9, 3, 15, 9, 14, 5, 15, 2, 15, 3, 8, 13, 21, 8, 2, 8, 1, 2, 1, 16, 13, 8, 13, 3, 10, 11, 1, 15, 9, 2, 4, 9, 5, 5, 5, 14, 12, 4, 13, 6, 15, 2, 10, 17, 14, 1, 11, 22, 14, 18, 11, 9, 6, 10, 1, 3, 3, 15, 7, 7, 3, 15, 14, 9, 8, 17, 10, 7, 14, 15, 14, 17, 5, 1, 11, 14, 13, 13, 21, 14, 11, 15, 9, 14, 8, 13, 16, 1, 12, 3, 18, 3, 1, 8, 13, 5, 1, 1, 21, 3, 22, 7, 12, 1, 14, 4, 6, 14, 9, 3, 3, 13, 15, 12, 5, 10, 13, 13, 1, 10, 21, 19, 11, 15, 1, 2, 15, 15, 14, 14, 12, 12, 11, 18, 13, 22, 6, 6, 5, 1, 8, 12, 1, 15, 10, 6, 11, 13, 5, 7, 8, 1, 9, 19, 7, 16, 2, 17, 1, 1, 8, 13, 5, 3, 5, 6, 7, 1, 1]

Run 3
Start: 1516468919.16
End: 1516469256.06
Elapsed: 336.90150404
Scores: [26, 26, 24, 15, 24, 21, 7, 28, 14, 28, 21, 30, 28, 26, 33, 24, 28, 22, 17, 19, 20, 21, 27, 28, 23, 22, 31, 24, 25, 21, 20, 27, 22, 16, 6, 19, 28, 32, 18, 24, 27, 16, 25, 26, 21, 26, 27, 31, 23, 29, 17, 29, 19, 21, 18, 18, 18, 24, 25, 17, 17, 18, 23, 29, 21, 22, 21, 16, 32, 24, 22, 19, 29, 23, 26, 24, 19, 23, 26, 25, 24, 31, 19, 24, 31, 21, 33, 35, 29, 32, 20, 13, 24, 20, 35, 27, 17, 27, 19, 27, 30, 33, 26, 28, 27, 27, 15, 20, 25, 18, 18, 21, 23, 27, 14, 22, 31, 28, 20, 25, 25, 22, 19, 33, 31, 25, 19, 31, 28, 16, 28, 24, 21, 23, 31, 25, 2, 32, 22, 22, 31, 22, 23, 29, 26, 21, 21, 27, 13, 25, 35, 30, 23, 30, 24, 23, 29, 25, 24, 18, 27, 18, 23, 26, 29, 25, 26, 19, 24, 6, 26, 15, 28, 23, 26, 24, 26, 20, 19, 21, 30, 30, 15, 23, 25, 27, 27, 27, 26, 29, 27, 27, 30, 21, 24, 29, 16, 26, 26, 18, 22, 25, 17, 18, 19, 16, 28, 19, 26, 26, 25, 26, 19, 17, 23, 19, 23, 15, 30, 28, 20, 29, 20, 20, 21, 23, 28, 31, 25, 23, 27, 20, 25, 20, 27, 25, 18, 17, 30, 20, 27, 30, 20, 21, 23, 20, 27, 35, 22, 30, 23, 24, 25, 19, 19, 33, 29, 18, 32, 20, 21, 22, 20, 28, 24, 21, 23, 32, 30, 27, 31, 21, 26, 32, 23, 25, 26, 18, 20, 16, 30, 33, 34, 25, 14, 28, 22, 25, 21, 19, 25, 30, 21, 21, 24, 30, 21, 26, 25, 12, 26, 27, 25, 29, 17, 23, 22, 13, 25, 15, 21, 15, 14, 37, 24, 21, 21, 24, 22, 22, 22, 24, 15, 24, 24, 25, 31, 23, 23, 19, 28, 18, 18, 27, 32, 26, 8, 19, 16, 19, 28, 32, 22, 23, 28, 27, 23, 21, 14, 32, 22, 11, 25, 28, 19, 33, 25, 19, 25, 30, 30, 27, 25, 27, 20, 18, 2, 19, 17, 31, 10, 19, 17, 23, 25, 20, 28, 15, 29, 19, 22, 20, 29, 24, 21, 26, 28, 33, 29, 29, 30, 22, 23, 13, 32, 31, 18, 26, 26, 19, 22, 22, 20, 27, 20, 21, 19, 20, 22, 20, 25, 15, 4, 26, 26, 25, 16, 19, 28, 24, 25, 4, 20, 24, 14, 29, 24, 33, 19, 21, 22, 27, 29, 19, 15, 21, 9, 20, 28, 26, 20, 31, 25, 19, 23, 30, 29, 27, 25, 23, 24, 19, 31, 34, 21, 22, 19, 33, 17, 26, 36, 23, 19, 19, 26, 31, 22, 18, 21, 18, 19, 21, 20, 31, 30, 23, 26, 26, 36, 25, 29, 23, 24, 10, 4, 18, 20, 18, 21, 19, 22, 5, 20, 23, 19, 27, 16, 16, 35, 18]

Run 4
Start: 1516469258.24
End: 1516469454.41
Elapsed: 196.170660973
Scores: [6, 14, 6, 18, 6, 6, 8, 14, 16, 2, 3, 11, 10, 16, 5, 8, 14, 12, 10, 6, 6, 15, 6, 14, 17, 6, 2, 6, 23, 4, 11, 6, 11, 22, 10, 4, 6, 13, 2, 4, 14, 11, 13, 3, 18, 21, 12, 12, 12, 21, 12, 4, 7, 15, 13, 19, 15, 12, 5, 9, 10, 10, 1, 11, 20, 9, 10, 13, 10, 6, 6, 7, 14, 6, 7, 13, 9, 4, 8, 2, 10, 14, 15, 11, 7, 1, 9, 12, 14, 16, 3, 16, 5, 16, 14, 15, 8, 16, 8, 5, 17, 7, 19, 6, 10, 1, 5, 4, 7, 11, 4, 20, 8, 11, 6, 8, 10, 2, 1, 5, 1, 7, 13, 6, 6, 13, 10, 4, 13, 10, 13, 6, 8, 12, 5, 17, 6, 4, 3, 9, 8, 2, 3, 21, 7, 18, 5, 6, 14, 10, 7, 15, 12, 14, 13, 15, 9, 6, 22, 4, 3, 9, 9, 16, 6, 11, 9, 18, 10, 14, 16, 18, 15, 12, 23, 10, 6, 11, 6, 14, 3, 17, 12, 6, 6, 9, 4, 13, 3, 1, 2, 11, 12, 10, 1, 9, 2, 14, 19, 5, 15, 10, 3, 8, 12, 4, 15, 17, 4, 10, 8, 6, 10, 10, 12, 9, 8, 7, 14, 13, 4, 7, 8, 17, 12, 11, 4, 6, 9, 18, 9, 1, 8, 10, 13, 2, 3, 6, 12, 16, 26, 5, 15, 2, 4, 17, 14, 2, 12, 10, 15, 10, 16, 6, 6, 9, 9, 2, 7, 6, 1, 12, 9, 11, 14, 16, 13, 3, 3, 13, 2, 1, 10, 13, 8, 13, 8, 2, 6, 8, 8, 24, 10, 19, 12, 8, 18, 19, 12, 4, 5, 7, 13, 7, 13, 7, 12, 15, 13, 5, 8, 5, 15, 11, 13, 17, 1, 1, 7, 14, 20, 5, 3, 7, 14, 7, 11, 17, 4, 10, 21, 4, 6, 10, 13, 14, 18, 8, 8, 9, 8, 5, 15, 4, 17, 5, 12, 5, 20, 1, 11, 16, 24, 20, 7, 4, 23, 9, 2, 10, 6, 14, 9, 3, 9, 6, 16, 9, 11, 10, 2, 8, 14, 9, 7, 15, 8, 10, 16, 7, 2, 17, 1, 7, 4, 16, 13, 14, 16, 11, 9, 13, 11, 14, 8, 2, 8, 20, 4, 12, 7, 6, 8, 2, 14, 8, 13, 8, 15, 4, 2, 1, 12, 3, 19, 13, 17, 4, 4, 16, 11, 5, 12, 16, 6, 5, 14, 9, 16, 18, 10, 5, 5, 8, 19, 12, 14, 3, 9, 6, 4, 5, 13, 16, 14, 13, 8, 5, 2, 5, 3, 12, 3, 6, 12, 16, 12, 10, 4, 14, 6, 7, 14, 4, 12, 5, 16, 19, 17, 6, 14, 8, 8, 11, 13, 14, 3, 2, 3, 8, 7, 12, 4, 3, 14, 3, 3, 15, 2, 7, 6, 12, 7, 4, 9, 2, 20, 11, 3, 4, 21, 11, 7, 18, 13, 6, 13, 19, 4, 2]

Run 5
Start: 1516469455.07
End: 1516469663.37
Elapsed: 208.304491997
Scores: [8, 4, 9, 1, 4, 12, 5, 6, 2, 8, 11, 15, 3, 11, 8, 6, 11, 10, 18, 2, 6, 3, 5, 8, 2, 6, 6, 14, 1, 16, 11, 1, 2, 2, 3, 6, 7, 8, 9, 4, 9, 4, 2, 1, 14, 8, 12, 6, 5, 13, 4, 2, 9, 8, 12, 9, 1, 5, 5, 3, 4, 1, 7, 13, 2, 5, 4, 3, 2, 7, 1, 5, 1, 5, 13, 12, 8, 6, 13, 7, 7, 1, 8, 4, 2, 4, 5, 1, 4, 9, 5, 3, 7, 8, 3, 8, 4, 11, 10, 10, 17, 3, 12, 3, 1, 7, 5, 4, 7, 4, 2, 1, 8, 7, 10, 6, 6, 6, 1, 5, 1, 9, 4, 5, 2, 9, 9, 7, 3, 4, 2, 3, 1, 8, 12, 8, 5, 6, 9, 6, 2, 5, 6, 5, 3, 2, 10, 4, 15, 6, 14, 11, 1, 4, 5, 4, 9, 1, 9, 12, 8, 5, 11, 4, 6, 4, 1, 15, 10, 5, 4, 2, 3, 7, 1, 5, 11, 4, 8, 7, 3, 1, 1, 10, 14, 3, 12, 17, 7, 3, 14, 3, 1, 2, 6, 8, 10, 11, 13, 11, 17, 1, 14, 9, 2, 8, 3, 8, 1, 1, 3, 10, 10, 11, 2, 11, 16, 2, 10, 14, 1, 9, 4, 4, 1, 4, 2, 1, 23, 5, 2, 10, 1, 2, 10, 8, 3, 10, 9, 11, 3, 5, 3, 2, 1, 3, 10, 1, 2, 14, 1, 12, 11, 10, 3, 2, 1, 16, 13, 6, 7, 8, 3, 6, 3, 1, 6, 1, 6, 6, 10, 3, 5, 3, 2, 16, 9, 2, 1, 5, 4, 12, 9, 5, 1, 5, 14, 14, 3, 7, 5, 4, 20, 3, 5, 3, 8, 22, 12, 16, 5, 7, 12, 8, 6, 11, 5, 4, 4, 13, 1, 8, 8, 15, 7, 9, 2, 8, 4, 8, 8, 2, 13, 2, 8, 3, 11, 1, 15, 8, 4, 5, 4, 6, 1, 2, 7, 6, 8, 4, 18, 2, 9, 6, 3, 12, 1, 6, 17, 14, 6, 1, 3, 2, 2, 7, 15, 6, 12, 14, 11, 9, 3, 1, 9, 7, 14, 12, 11, 11, 6, 7, 3, 15, 1, 2, 9, 2, 2, 12, 16, 1, 7, 8, 2, 4, 6, 1, 7, 1, 1, 1, 8, 13, 3, 8, 12, 6, 11, 2, 3, 10, 11, 20, 5, 10, 1, 3, 6, 3, 7, 1, 5, 17, 4, 16, 5, 5, 8, 9, 4, 6, 4, 1, 7, 6, 7, 1, 7, 5, 18, 1, 6, 11, 7, 9, 10, 27, 3, 7, 10, 3, 2, 7, 10, 3, 1, 2, 9, 2, 12, 6, 8, 2, 2, 5, 13, 8, 13, 2, 13, 9, 6, 12, 11, 4, 1, 12, 4, 6, 6, 7, 5, 6, 11, 7, 21, 6, 7, 5, 6, 2, 2, 3, 8, 9, 6, 1, 7, 3, 7, 3, 8, 5, 15, 5, 4, 4, 4, 12]

Run 6
Start: 1516469663.81
End: 1516469897.09
Elapsed: 233.285061836
Scores: [1, 8, 10, 6, 5, 10, 3, 14, 8, 15, 29, 12, 10, 18, 12, 6, 10, 13, 10, 6, 4, 8, 15, 10, 4, 4, 11, 2, 6, 18, 6, 2, 11, 3, 2, 11, 16, 2, 11, 6, 20, 7, 11, 10, 13, 10, 15, 12, 7, 14, 6, 1, 5, 9, 16, 2, 8, 11, 18, 9, 11, 2, 13, 2, 9, 6, 12, 12, 8, 10, 10, 6, 8, 2, 7, 17, 4, 5, 6, 17, 9, 9, 10, 8, 3, 11, 6, 13, 13, 11, 26, 15, 15, 15, 6, 6, 8, 5, 7, 7, 6, 13, 3, 14, 9, 15, 7, 11, 3, 15, 3, 5, 13, 15, 5, 13, 9, 6, 11, 3, 8, 6, 6, 14, 5, 9, 16, 6, 3, 23, 7, 4, 3, 2, 16, 1, 2, 5, 3, 16, 7, 16, 3, 17, 24, 11, 5, 7, 2, 3, 8, 5, 7, 5, 3, 3, 14, 7, 13, 17, 9, 10, 8, 20, 14, 19, 15, 14, 9, 17, 7, 7, 14, 5, 15, 5, 6, 8, 17, 4, 3, 7, 7, 7, 17, 12, 20, 12, 7, 12, 10, 19, 12, 3, 11, 11, 8, 16, 12, 4, 12, 11, 12, 5, 7, 4, 12, 13, 18, 7, 6, 3, 21, 2, 17, 4, 12, 4, 7, 9, 16, 5, 11, 6, 12, 15, 3, 12, 11, 2, 6, 12, 6, 6, 15, 6, 19, 1, 8, 3, 17, 9, 14, 10, 14, 5, 17, 5, 24, 21, 3, 16, 26, 9, 12, 11, 11, 16, 18, 11, 4, 11, 8, 2, 24, 1, 18, 7, 15, 6, 19, 2, 19, 4, 3, 8, 15, 3, 6, 12, 7, 2, 7, 8, 8, 5, 14, 18, 7, 9, 10, 14, 2, 7, 19, 14, 16, 10, 14, 15, 11, 5, 9, 26, 7, 8, 5, 10, 13, 6, 4, 16, 16, 13, 11, 11, 12, 10, 4, 3, 7, 10, 3, 3, 15, 15, 9, 5, 8, 19, 5, 5, 19, 11, 13, 9, 12, 15, 16, 5, 18, 13, 3, 5, 14, 4, 11, 8, 17, 2, 9, 9, 8, 11, 8, 8, 6, 2, 10, 14, 7, 4, 12, 18, 13, 7, 22, 16, 9, 13, 6, 13, 7, 12, 14, 5, 2, 2, 7, 13, 17, 13, 11, 3, 17, 13, 9, 17, 5, 9, 2, 20, 16, 12, 13, 4, 24, 6, 8, 15, 1, 7, 1, 9, 3, 7, 10, 3, 2, 9, 5, 4, 20, 4, 13, 10, 8, 5, 13, 9, 3, 14, 11, 10, 15, 25, 14, 14, 9, 16, 18, 25, 6, 16, 2, 14, 18, 8, 8, 8, 1, 12, 11, 6, 12, 3, 5, 7, 12, 9, 4, 6, 11, 10, 24, 4, 2, 10, 8, 3, 4, 12, 24, 11, 9, 2, 12, 8, 4, 4, 7, 11, 11, 14, 4, 17, 5, 7, 19, 17, 13, 8, 10, 15, 9, 8, 12, 10, 10, 2, 16, 4, 13, 20, 9, 6, 11, 2, 18, 4]

Run 7
Start: 1516469898.0
End: 1516470099.86
Elapsed: 201.859453917
Scores: [9, 1, 6, 2, 3, 1, 6, 7, 13, 1, 2, 6, 11, 5, 2, 1, 16, 9, 16, 6, 7, 8, 4, 10, 18, 5, 7, 2, 7, 2, 1, 8, 4, 7, 2, 2, 6, 21, 6, 3, 12, 2, 5, 13, 9, 9, 6, 8, 7, 23, 10, 13, 2, 8, 13, 8, 7, 2, 9, 4, 16, 2, 10, 1, 1, 16, 15, 14, 7, 18, 8, 14, 6, 13, 9, 3, 5, 9, 3, 1, 1, 2, 15, 9, 2, 18, 5, 10, 10, 6, 5, 2, 7, 14, 6, 1, 4, 20, 5, 12, 20, 13, 14, 10, 19, 22, 2, 4, 2, 1, 8, 1, 1, 9, 14, 15, 9, 7, 4, 17, 11, 1, 13, 19, 7, 2, 7, 11, 6, 4, 12, 9, 17, 14, 3, 4, 10, 13, 4, 9, 10, 6, 3, 8, 3, 1, 13, 11, 7, 1, 20, 2, 13, 1, 5, 12, 11, 8, 9, 8, 11, 1, 13, 3, 11, 8, 6, 10, 2, 17, 7, 8, 7, 12, 6, 2, 10, 1, 5, 4, 12, 1, 14, 9, 2, 8, 1, 19, 1, 5, 12, 5, 1, 3, 8, 10, 7, 15, 4, 19, 19, 7, 8, 1, 11, 9, 10, 16, 6, 14, 2, 10, 3, 19, 8, 3, 1, 3, 8, 18, 8, 7, 5, 10, 10, 1, 5, 15, 14, 4, 4, 4, 2, 11, 18, 3, 8, 11, 6, 16, 1, 4, 4, 16, 7, 2, 6, 1, 2, 3, 5, 7, 2, 16, 11, 7, 9, 5, 1, 1, 1, 6, 13, 13, 11, 15, 4, 13, 4, 14, 4, 11, 4, 11, 8, 7, 6, 15, 1, 2, 4, 18, 13, 20, 12, 3, 16, 1, 11, 4, 9, 1, 3, 9, 14, 4, 2, 3, 12, 14, 1, 8, 21, 21, 12, 8, 5, 23, 7, 1, 6, 11, 10, 6, 18, 1, 7, 11, 6, 5, 8, 17, 6, 9, 2, 1, 12, 11, 9, 18, 6, 10, 2, 1, 24, 5, 2, 10, 14, 5, 16, 1, 18, 9, 11, 20, 1, 7, 8, 19, 3, 7, 3, 9, 1, 8, 8, 9, 12, 12, 1, 16, 4, 4, 4, 13, 2, 4, 5, 6, 16, 1, 12, 16, 8, 17, 6, 12, 1, 21, 1, 13, 8, 9, 10, 17, 3, 18, 1, 1, 23, 4, 6, 7, 4, 7, 3, 1, 12, 5, 13, 5, 12, 18, 13, 5, 1, 5, 3, 5, 4, 19, 20, 14, 6, 1, 4, 11, 17, 1, 7, 18, 2, 11, 10, 4, 1, 14, 2, 23, 11, 5, 24, 4, 22, 10, 12, 4, 3, 1, 17, 15, 6, 2, 6, 1, 15, 1, 6, 6, 8, 9, 1, 13, 1, 11, 7, 14, 10, 6, 8, 10, 3, 1, 9, 4, 10, 13, 12, 1, 9, 4, 5, 9, 17, 17, 8, 4, 1, 1, 9, 6, 2, 11, 8, 20, 8, 2, 3, 2, 19, 14, 15, 4, 6, 15, 6, 6, 1, 16]

Run 8
Start: 1516470100.45
End: 1516470233.64
Elapsed: 133.190629959
Scores: [5, 4, 3, 5, 7, 8, 2, 8, 16, 1, 3, 15, 13, 1, 9, 23, 1, 10, 4, 7, 3, 6, 6, 6, 8, 4, 4, 10, 6, 2, 9, 10, 6, 4, 7, 4, 12, 4, 10, 6, 13, 10, 8, 14, 4, 1, 2, 5, 5, 17, 8, 6, 1, 5, 9, 11, 4, 3, 6, 3, 8, 1, 7, 9, 1, 9, 14, 1, 4, 13, 6, 8, 4, 15, 2, 11, 4, 9, 9, 12, 5, 4, 7, 4, 1, 6, 24, 4, 17, 4, 4, 5, 7, 4, 10, 12, 6, 2, 6, 3, 2, 12, 12, 3, 9, 3, 3, 6, 9, 15, 3, 17, 7, 5, 9, 1, 7, 15, 7, 4, 9, 2, 3, 25, 2, 15, 8, 8, 1, 16, 11, 15, 5, 10, 6, 10, 6, 4, 10, 2, 6, 13, 4, 1, 6, 1, 4, 4, 1, 2, 2, 4, 11, 2, 4, 8, 6, 1, 12, 5, 13, 4, 12, 5, 10, 6, 10, 3, 15, 5, 13, 2, 10, 2, 3, 4, 6, 4, 5, 9, 11, 6, 2, 9, 4, 6, 13, 4, 3, 8, 15, 6, 2, 3, 6, 15, 6, 8, 11, 5, 3, 4, 4, 4, 7, 10, 13, 6, 8, 3, 7, 2, 9, 3, 6, 22, 5, 10, 4, 3, 10, 5, 4, 4, 6, 16, 2, 3, 3, 12, 5, 5, 10, 13, 2, 9, 9, 7, 2, 16, 6, 3, 3, 7, 5, 8, 2, 4, 2, 9, 4, 11, 20, 17, 2, 9, 3, 2, 1, 7, 1, 1, 2, 3, 13, 13, 12, 5, 7, 6, 6, 5, 5, 10, 13, 11, 6, 2, 3, 7, 1, 19, 16, 3, 6, 8, 4, 2, 6, 8, 3, 4, 4, 7, 1, 9, 11, 4, 5, 1, 7, 3, 12, 7, 1, 1, 10, 14, 2, 6, 1, 5, 13, 7, 14, 4, 2, 3, 4, 10, 3, 6, 7, 5, 12, 11, 4, 4, 2, 7, 4, 9, 7, 3, 3, 2, 1, 2, 13, 17, 1, 7, 6, 1, 5, 8, 4, 2, 2, 8, 3, 11, 6, 8, 13, 8, 11, 6, 5, 6, 12, 18, 4, 6, 3, 8, 5, 2, 11, 8, 6, 5, 8, 2, 3, 4, 14, 2, 7, 4, 8, 3, 6, 8, 8, 6, 7, 3, 4, 12, 12, 6, 6, 6, 7, 4, 9, 10, 6, 11, 12, 4, 3, 4, 8, 7, 3, 7, 3, 9, 7, 7, 11, 11, 10, 7, 5, 12, 14, 3, 8, 4, 7, 5, 4, 14, 11, 2, 10, 10, 1, 8, 5, 16, 6, 15, 16, 2, 3, 4, 3, 5, 11, 16, 3, 3, 2, 8, 7, 6, 4, 14, 14, 1, 4, 9, 7, 2, 8, 8, 11, 5, 6, 6, 6, 4, 1, 10, 5, 6, 1, 7, 5, 3, 3, 6, 13, 5, 7, 2, 31, 5, 7, 7, 8, 12, 1, 6, 2, 3, 4, 3, 7, 8, 6, 3, 12, 12, 11, 5]

Run 9
Start: 1516470234.17
End: 1516470752.23
Elapsed: 518.062752962
Scores: [26, 29, 21, 26, 12, 14, 8, 26, 30, 25, 30, 28, 14, 30, 18, 22, 8, 37, 22, 23, 29, 23, 25, 28, 26, 24, 13, 29, 9, 29, 22, 27, 11, 24, 34, 18, 29, 23, 35, 26, 40, 29, 32, 28, 33, 25, 36, 23, 17, 34, 24, 17, 24, 25, 30, 31, 21, 24, 28, 34, 29, 20, 23, 32, 30, 35, 27, 3, 1, 34, 16, 32, 20, 33, 33, 26, 31, 26, 23, 29, 30, 11, 17, 24, 31, 21, 5, 33, 29, 27, 25, 28, 19, 32, 20, 26, 28, 21, 24, 36, 14, 29, 11, 18, 20, 31, 20, 7, 32, 23, 8, 22, 32, 23, 22, 31, 23, 28, 34, 39, 32, 2, 17, 14, 20, 19, 36, 22, 20, 26, 31, 23, 20, 29, 17, 30, 30, 36, 26, 7, 32, 16, 18, 35, 35, 29, 12, 34, 27, 3, 16, 34, 28, 29, 21, 27, 22, 34, 26, 23, 23, 14, 27, 17, 20, 29, 9, 29, 34, 15, 30, 19, 27, 20, 14, 17, 19, 22, 25, 17, 32, 32, 1, 23, 29, 30, 21, 37, 15, 28, 26, 14, 32, 33, 34, 26, 40, 16, 32, 30, 31, 32, 17, 14, 39, 25, 26, 32, 16, 30, 21, 14, 25, 25, 38, 37, 16, 3, 34, 27, 34, 28, 33, 31, 5, 25, 11, 20, 33, 26, 22, 33, 33, 34, 28, 29, 28, 16, 17, 15, 28, 28, 25, 19, 27, 27, 42, 11, 27, 14, 14, 10, 25, 25, 40, 23, 22, 23, 1, 31, 18, 31, 37, 34, 27, 14, 26, 31, 32, 20, 13, 22, 25, 6, 27, 28, 26, 27, 4, 26, 34, 27, 28, 26, 25, 30, 15, 36, 24, 25, 31, 36, 15, 15, 13, 30, 26, 33, 25, 33, 23, 22, 22, 28, 30, 25, 29, 17, 44, 22, 31, 28, 34, 29, 23, 34, 27, 10, 30, 27, 2, 7, 5, 32, 9, 28, 14, 17, 1, 25, 21, 35, 19, 18, 17, 32, 19, 30, 21, 26, 26, 33, 23, 29, 18, 29, 26, 22, 30, 30, 28, 29, 19, 27, 34, 20, 24, 29, 25, 27, 30, 28, 18, 28, 35, 34, 3, 22, 22, 28, 18, 17, 35, 25, 28, 16, 25, 30, 23, 28, 40, 25, 31, 25, 11, 17, 25, 26, 31, 18, 7, 32, 21, 22, 30, 29, 27, 22, 24, 22, 23, 31, 26, 18, 37, 28, 31, 29, 29, 28, 22, 25, 29, 28, 6, 27, 12, 31, 19, 21, 7, 20, 26, 32, 24, 28, 19, 37, 23, 24, 12, 21, 25, 21, 12, 4, 8, 20, 30, 31, 1, 29, 33, 22, 36, 23, 27, 14, 20, 30, 32, 26, 19, 24, 28, 19, 24, 37, 12, 6, 28, 24, 19, 26, 28, 9, 1, 24, 28, 26, 30, 24, 28, 31, 26, 23, 31, 20, 33, 22, 22, 29, 35, 30, 31, 27, 26, 33, 22, 8, 24, 25, 25, 22, 3, 19, 22, 4, 23, 18]

Run 10
Start: 1516470754.92
End: 1516470921.19
Elapsed: 166.267325878
Scores: [2, 2, 2, 6, 9, 3, 6, 7, 1, 4, 10, 4, 2, 6, 2, 1, 2, 12, 3, 3, 4, 6, 1, 7, 7, 4, 5, 6, 7, 2, 8, 1, 2, 12, 2, 8, 3, 3, 1, 6, 3, 3, 9, 1, 3, 3, 15, 4, 17, 5, 4, 7, 3, 3, 11, 8, 5, 8, 6, 3, 7, 4, 11, 1, 11, 2, 1, 1, 11, 11, 12, 6, 13, 7, 5, 6, 11, 8, 9, 1, 6, 6, 1, 9, 8, 4, 2, 10, 1, 10, 6, 5, 11, 7, 1, 8, 4, 5, 6, 8, 7, 1, 8, 9, 9, 6, 6, 1, 10, 2, 9, 12, 3, 1, 12, 1, 2, 5, 4, 7, 2, 4, 2, 9, 2, 1, 1, 7, 2, 8, 5, 7, 2, 3, 1, 14, 3, 16, 4, 1, 1, 8, 2, 4, 8, 3, 13, 3, 6, 9, 5, 1, 4, 4, 6, 4, 1, 4, 1, 7, 4, 7, 3, 11, 6, 4, 5, 4, 1, 5, 8, 5, 22, 9, 18, 7, 3, 5, 11, 8, 6, 4, 4, 2, 4, 4, 11, 5, 4, 5, 9, 2, 3, 2, 9, 1, 8, 2, 5, 5, 2, 4, 5, 2, 15, 8, 5, 1, 5, 2, 8, 2, 12, 6, 1, 10, 4, 3, 1, 7, 6, 7, 6, 1, 1, 5, 18, 10, 4, 2, 14, 6, 1, 7, 4, 6, 3, 3, 21, 3, 4, 1, 1, 2, 10, 3, 1, 2, 6, 5, 2, 13, 2, 7, 1, 6, 1, 6, 2, 3, 5, 10, 3, 4, 2, 2, 7, 1, 9, 5, 6, 5, 12, 18, 10, 1, 3, 7, 5, 6, 5, 6, 6, 13, 15, 8, 15, 2, 1, 8, 8, 12, 5, 4, 8, 6, 5, 9, 2, 8, 14, 5, 8, 4, 2, 1, 2, 13, 1, 5, 6, 9, 4, 8, 4, 7, 13, 10, 1, 7, 2, 7, 5, 6, 4, 5, 4, 3, 2, 4, 7, 2, 3, 10, 3, 3, 2, 4, 3, 6, 5, 4, 5, 4, 10, 4, 1, 13, 1, 8, 3, 4, 3, 1, 9, 10, 1, 2, 1, 3, 16, 6, 1, 3, 7, 4, 3, 10, 1, 1, 10, 6, 5, 1, 4, 4, 9, 2, 5, 17, 1, 1, 1, 8, 6, 2, 1, 7, 1, 4, 9, 6, 3, 6, 8, 3, 4, 12, 1, 3, 6, 2, 3, 12, 1, 1, 18, 5, 16, 4, 5, 7, 4, 11, 17, 9, 3, 3, 4, 1, 1, 6, 11, 1, 2, 8, 7, 2, 2, 3, 1, 4, 1, 8, 6, 12, 4, 11, 2, 4, 8, 1, 2, 2, 4, 3, 2, 9, 7, 2, 4, 6, 5, 4, 6, 8, 1, 15, 6, 4, 8, 3, 2, 5, 2, 2, 6, 2, 3, 12, 3, 4, 6, 5, 15, 6, 1, 9, 9, 4, 4, 11, 4, 12, 8, 5, 7, 7, 4, 3, 17, 1, 13, 4, 5, 5, 2, 6, 8, 5]

Run 11
Start: 1516470921.51
End: 1516471159.19
Elapsed: 237.67276001
Scores: [8, 2, 11, 1, 3, 3, 8, 3, 2, 5, 3, 4, 7, 14, 10, 2, 8, 1, 1, 7, 7, 14, 8, 11, 1, 2, 4, 9, 11, 11, 4, 5, 7, 7, 2, 4, 2, 5, 17, 9, 2, 17, 8, 4, 4, 11, 11, 11, 8, 2, 4, 17, 4, 5, 1, 3, 2, 5, 10, 16, 2, 5, 8, 12, 9, 8, 2, 11, 3, 4, 7, 3, 11, 11, 8, 1, 6, 3, 1, 2, 2, 2, 6, 10, 4, 2, 7, 9, 3, 2, 6, 3, 3, 5, 10, 1, 5, 1, 10, 22, 12, 7, 5, 7, 2, 3, 16, 3, 6, 1, 5, 4, 6, 5, 3, 8, 3, 3, 5, 7, 4, 7, 6, 5, 7, 7, 2, 19, 2, 6, 6, 3, 14, 5, 4, 19, 6, 6, 4, 5, 5, 3, 8, 17, 15, 16, 7, 6, 5, 5, 2, 15, 17, 3, 10, 4, 9, 4, 6, 14, 3, 12, 8, 7, 1, 4, 5, 2, 7, 11, 14, 9, 1, 2, 4, 7, 8, 6, 4, 7, 6, 8, 1, 2, 3, 1, 8, 3, 8, 3, 8, 4, 8, 6, 8, 5, 2, 6, 6, 9, 2, 5, 7, 5, 5, 5, 4, 6, 5, 3, 1, 2, 14, 7, 12, 3, 1, 21, 1, 3, 7, 6, 12, 11, 9, 1, 13, 9, 3, 2, 5, 5, 2, 5, 9, 4, 4, 6, 7, 1, 11, 12, 9, 4, 4, 4, 5, 2, 10, 3, 6, 15, 2, 6, 5, 7, 2, 5, 4, 1, 8, 5, 5, 3, 10, 12, 13, 3, 10, 10, 4, 3, 1, 6, 3, 4, 9, 2, 4, 4, 12, 4, 4, 1, 3, 9, 13, 8, 12, 9, 1, 1, 6, 13, 9, 6, 1, 1, 2, 5, 7, 6, 13, 3, 17, 8, 4, 7, 6, 5, 5, 1, 16, 1, 8, 5, 2, 8, 3, 1, 2, 4, 15, 4, 10, 1, 5, 4, 3, 8, 8, 2, 2, 5, 11, 5, 1, 3, 6, 7, 8, 8, 5, 15, 1, 8, 9, 3, 2, 6, 2, 11, 7, 2, 7, 3, 8, 3, 2, 2, 10, 5, 5, 4, 12, 2, 11, 4, 4, 3, 7, 2, 2, 16, 2, 5, 12, 1, 3, 1, 6, 12, 9, 8, 6, 7, 9, 7, 10, 2, 7, 10, 3, 1, 4, 12, 13, 15, 10, 9, 2, 1, 6, 6, 2, 4, 6, 18, 9, 13, 8, 3, 9, 10, 9, 3, 2, 9, 9, 11, 4, 9, 2, 4, 9, 1, 15, 2, 2, 4, 5, 13, 7, 4, 2, 10, 8, 7, 7, 3, 12, 7, 2, 1, 10, 6, 6, 1, 5, 8, 17, 7, 2, 1, 1, 6, 10, 9, 10, 11, 12, 4, 3, 5, 11, 2, 6, 7, 1, 2, 7, 2, 8, 6, 6, 7, 8, 7, 10, 4, 14, 20, 5, 3, 11, 14, 7, 4, 1, 7, 5, 10, 11, 1, 8, 4, 7, 6, 1, 3]

Run 12
Start: 1516471159.81
End: 1516471444.31
Elapsed: 284.506481886
Scores: [15, 6, 2, 4, 1, 2, 6, 2, 5, 19, 6, 13, 1, 11, 10, 8, 4, 6, 2, 3, 16, 20, 15, 10, 9, 2, 20, 7, 2, 4, 5, 4, 4, 7, 3, 8, 13, 14, 12, 9, 7, 1, 14, 8, 1, 6, 8, 1, 9, 12, 4, 22, 4, 25, 1, 1, 6, 3, 2, 2, 14, 2, 4, 13, 33, 14, 16, 2, 8, 2, 5, 2, 10, 25, 4, 14, 3, 6, 2, 2, 4, 4, 5, 1, 24, 2, 11, 5, 10, 14, 9, 21, 6, 12, 6, 7, 14, 6, 16, 9, 5, 1, 6, 4, 2, 13, 6, 5, 15, 7, 8, 3, 2, 7, 15, 21, 19, 3, 3, 12, 8, 15, 4, 8, 7, 2, 14, 3, 13, 6, 5, 4, 15, 7, 5, 1, 12, 16, 6, 1, 6, 13, 10, 3, 13, 19, 1, 3, 2, 3, 8, 13, 18, 9, 2, 6, 20, 13, 10, 5, 17, 6, 8, 3, 2, 15, 15, 15, 12, 2, 15, 3, 11, 4, 6, 5, 3, 6, 6, 9, 1, 11, 11, 3, 3, 13, 12, 8, 15, 3, 21, 1, 10, 13, 5, 6, 11, 2, 3, 3, 4, 5, 10, 11, 2, 6, 10, 5, 26, 8, 9, 12, 23, 6, 4, 25, 9, 4, 7, 2, 9, 6, 15, 11, 12, 5, 3, 12, 8, 13, 8, 6, 4, 7, 3, 17, 11, 21, 1, 6, 4, 1, 6, 13, 4, 8, 13, 1, 2, 1, 14, 10, 28, 19, 4, 1, 15, 12, 16, 5, 19, 6, 17, 3, 8, 7, 14, 17, 1, 6, 11, 9, 15, 8, 5, 14, 13, 1, 5, 11, 6, 10, 2, 11, 10, 12, 13, 9, 11, 5, 13, 9, 14, 8, 8, 11, 1, 3, 3, 17, 13, 6, 15, 19, 1, 27, 10, 6, 8, 4, 5, 7, 3, 10, 16, 28, 6, 2, 10, 11, 6, 10, 19, 24, 15, 5, 9, 18, 9, 15, 19, 17, 1, 10, 7, 4, 2, 5, 1, 17, 8, 13, 1, 14, 8, 10, 8, 17, 22, 10, 10, 3, 9, 10, 7, 8, 1, 1, 2, 22, 8, 2, 8, 4, 4, 2, 5, 1, 6, 16, 7, 18, 3, 15, 4, 3, 9, 3, 14, 4, 8, 4, 7, 21, 1, 2, 3, 8, 24, 5, 12, 16, 9, 3, 10, 4, 9, 2, 9, 3, 3, 6, 1, 19, 6, 10, 5, 6, 5, 2, 10, 10, 7, 1, 3, 12, 13, 12, 7, 11, 14, 15, 1, 18, 11, 10, 13, 4, 3, 2, 1, 16, 15, 3, 8, 12, 3, 1, 4, 1, 5, 8, 1, 12, 2, 2, 2, 19, 6, 3, 6, 6, 10, 6, 2, 14, 5, 17, 2, 6, 12, 7, 1, 4, 7, 7, 3, 7, 5, 2, 10, 4, 2, 3, 12, 10, 14, 1, 1, 21, 5, 1, 3, 3, 3, 3, 4, 6, 6, 4, 2, 13, 14, 1, 3, 17, 14, 3, 27, 10]

Run 13
Start: 1516471445.28
End: 1516471741.8
Elapsed: 296.514333963
Scores: [3, 0, 8, 13, 20, 21, 19, 0, 16, 11, 18, 7, 5, 18, 17, 1, 14, 7, 0, 15, 4, 17, 15, 7, 3, 5, 18, 22, 5, 2, 17, 2, 5, 13, 17, 8, 23, 0, 3, 26, 4, 23, 16, 16, 0, 0, 10, 22, 3, 8, 15, 17, 12, 9, 7, 16, 15, 14, 12, 15, 0, 26, 1, 0, 4, 20, 7, 24, 3, 4, 20, 22, 3, 4, 19, 4, 0, 16, 23, 2, 5, 1, 10, 16, 4, 21, 5, 1, 15, 18, 6, 9, 3, 0, 3, 2, 8, 0, 11, 23, 6, 22, 2, 1, 17, 19, 22, 0, 6, 23, 25, 22, 11, 17, 2, 0, 22, 20, 15, 1, 23, 15, 10, 22, 15, 2, 3, 6, 17, 17, 1, 11, 22, 8, 10, 18, 12, 23, 2, 5, 4, 20, 13, 2, 4, 2, 2, 5, 14, 15, 6, 15, 13, 10, 6, 24, 21, 0, 3, 12, 20, 19, 15, 8, 15, 1, 15, 0, 29, 3, 5, 17, 4, 4, 17, 8, 7, 1, 20, 21, 17, 16, 23, 7, 4, 14, 4, 14, 21, 12, 22, 13, 8, 6, 3, 26, 14, 0, 15, 0, 21, 0, 0, 3, 2, 1, 1, 16, 0, 26, 4, 27, 19, 6, 13, 15, 15, 25, 18, 17, 25, 0, 21, 3, 8, 0, 2, 8, 0, 9, 14, 15, 10, 0, 14, 16, 18, 3, 7, 12, 16, 23, 8, 19, 29, 17, 3, 6, 4, 8, 18, 6, 2, 18, 3, 2, 6, 2, 20, 2, 18, 4, 16, 15, 3, 4, 4, 16, 13, 6, 21, 9, 1, 22, 2, 20, 5, 12, 12, 2, 21, 5, 17, 16, 18, 5, 6, 2, 0, 16, 3, 25, 18, 2, 2, 6, 16, 20, 2, 21, 23, 6, 11, 7, 0, 3, 22, 23, 14, 26, 5, 15, 14, 20, 22, 21, 14, 20, 14, 14, 4, 3, 2, 17, 13, 19, 5, 19, 0, 2, 11, 2, 19, 23, 19, 23, 2, 13, 13, 0, 5, 6, 16, 2, 0, 8, 3, 6, 0, 23, 16, 3, 8, 2, 0, 9, 1, 9, 3, 22, 16, 14, 17, 9, 0, 26, 4, 21, 6, 10, 23, 25, 19, 15, 0, 17, 5, 5, 0, 8, 2, 13, 14, 17, 22, 9, 17, 15, 20, 17, 25, 3, 26, 19, 15, 10, 11, 9, 9, 5, 0, 17, 14, 0, 3, 7, 8, 19, 4, 3, 17, 0, 5, 10, 23, 7, 7, 18, 3, 17, 19, 4, 13, 20, 18, 19, 3, 20, 1, 3, 13, 14, 0, 0, 22, 17, 2, 6, 15, 5, 24, 17, 19, 15, 5, 19, 1, 8, 21, 25, 0, 11, 7, 4, 1, 12, 3, 17, 0, 27, 19, 0, 9, 19, 15, 5, 19, 11, 11, 20, 12, 0, 17, 6, 19, 7, 0, 13, 3, 0, 2, 4, 8, 7, 20, 9, 8, 7, 0, 5, 16, 4, 18, 19, 3, 4, 23, 10, 5, 8]

Run 14
Start: 1516471742.93
End: 1516471860.15
Elapsed: 117.220201969
Scores: [4, 11, 8, 3, 6, 6, 1, 6, 2, 9, 6, 8, 3, 2, 7, 5, 1, 5, 5, 11, 5, 4, 2, 1, 6, 3, 2, 10, 1, 2, 8, 5, 1, 7, 5, 3, 6, 1, 4, 4, 3, 5, 1, 5, 8, 1, 4, 1, 4, 5, 4, 6, 9, 1, 5, 3, 2, 16, 1, 4, 12, 9, 3, 9, 5, 5, 2, 7, 6, 5, 1, 3, 8, 1, 10, 5, 1, 1, 3, 3, 6, 3, 8, 7, 4, 2, 4, 3, 6, 18, 8, 1, 1, 8, 1, 11, 13, 13, 1, 3, 8, 10, 5, 2, 8, 8, 1, 9, 4, 3, 10, 10, 5, 3, 5, 6, 4, 1, 3, 2, 4, 1, 2, 5, 8, 4, 3, 2, 2, 2, 2, 1, 4, 6, 1, 2, 2, 5, 7, 6, 6, 2, 7, 6, 13, 1, 6, 3, 5, 4, 1, 9, 7, 1, 10, 4, 8, 14, 9, 2, 8, 5, 1, 9, 5, 3, 10, 9, 8, 5, 6, 1, 6, 6, 1, 6, 2, 5, 8, 1, 10, 9, 6, 1, 3, 3, 7, 2, 12, 4, 2, 1, 9, 3, 1, 5, 1, 7, 2, 9, 4, 1, 3, 4, 4, 11, 5, 2, 16, 9, 4, 2, 1, 1, 4, 2, 3, 1, 8, 1, 7, 8, 8, 1, 9, 8, 1, 2, 5, 6, 1, 8, 9, 2, 4, 7, 1, 6, 10, 7, 5, 6, 1, 13, 8, 2, 5, 10, 5, 2, 4, 1, 1, 5, 8, 5, 9, 7, 7, 4, 6, 2, 1, 6, 14, 4, 8, 1, 6, 1, 4, 7, 3, 5, 1, 2, 4, 3, 7, 1, 9, 1, 1, 1, 6, 1, 1, 6, 8, 7, 8, 3, 2, 3, 2, 10, 5, 9, 4, 7, 1, 1, 1, 3, 1, 4, 1, 6, 1, 3, 6, 9, 4, 2, 6, 7, 12, 1, 3, 6, 1, 1, 7, 2, 6, 7, 4, 1, 3, 1, 12, 9, 7, 3, 11, 4, 11, 1, 10, 12, 1, 1, 4, 3, 1, 6, 4, 1, 4, 1, 6, 4, 1, 4, 6, 1, 3, 12, 2, 12, 3, 7, 3, 8, 8, 4, 5, 1, 13, 7, 7, 1, 1, 2, 13, 5, 1, 3, 3, 7, 4, 1, 6, 1, 9, 11, 1, 7, 1, 6, 6, 1, 1, 3, 3, 2, 2, 10, 12, 12, 7, 3, 3, 8, 4, 7, 1, 1, 1, 12, 6, 3, 1, 1, 6, 9, 6, 8, 1, 5, 5, 9, 4, 3, 2, 2, 2, 1, 1, 8, 5, 4, 6, 3, 3, 15, 6, 5, 1, 4, 1, 7, 4, 8, 4, 2, 1, 4, 1, 6, 1, 1, 1, 8, 9, 3, 4, 1, 7, 1, 4, 6, 9, 2, 4, 6, 3, 1, 2, 4, 2, 8, 1, 17, 9, 9, 5, 5, 1, 4, 10, 3, 1, 2, 3, 6, 4, 5, 6, 3, 9, 1, 2, 1, 2, 7, 1, 1, 2, 1]

Run 15
Start: 1516471860.41
End: 1516472076.44
Elapsed: 216.022749901
Scores: [9, 11, 4, 4, 1, 4, 2, 10, 6, 16, 4, 6, 3, 8, 2, 10, 2, 2, 2, 1, 4, 2, 9, 6, 5, 13, 4, 11, 12, 2, 8, 3, 17, 3, 5, 7, 6, 2, 6, 12, 10, 11, 18, 5, 5, 9, 13, 13, 8, 9, 9, 3, 4, 8, 15, 10, 1, 4, 8, 17, 2, 1, 2, 19, 7, 3, 11, 8, 8, 2, 9, 8, 14, 7, 5, 3, 2, 2, 6, 7, 5, 8, 5, 16, 12, 11, 1, 5, 3, 3, 6, 17, 7, 9, 5, 10, 4, 9, 2, 2, 11, 8, 6, 20, 3, 16, 7, 7, 6, 2, 3, 5, 12, 3, 3, 2, 3, 4, 2, 2, 3, 18, 8, 9, 9, 13, 21, 6, 5, 4, 8, 5, 5, 5, 12, 1, 5, 12, 8, 6, 7, 16, 8, 6, 9, 2, 13, 3, 3, 9, 2, 8, 5, 13, 8, 2, 9, 14, 3, 13, 9, 7, 2, 15, 20, 7, 4, 16, 11, 5, 18, 2, 22, 14, 12, 12, 7, 3, 5, 2, 6, 10, 2, 5, 3, 19, 5, 14, 5, 6, 8, 10, 12, 3, 14, 2, 2, 3, 4, 8, 11, 2, 7, 6, 8, 9, 16, 2, 7, 7, 6, 6, 5, 7, 7, 8, 3, 6, 3, 1, 3, 9, 7, 10, 14, 5, 5, 1, 7, 2, 3, 7, 11, 7, 10, 4, 6, 8, 1, 14, 1, 2, 3, 3, 2, 2, 1, 5, 10, 6, 10, 4, 2, 9, 10, 11, 2, 5, 8, 2, 7, 6, 4, 4, 5, 7, 10, 12, 4, 5, 4, 1, 3, 3, 11, 5, 4, 3, 4, 8, 3, 5, 8, 2, 1, 7, 4, 21, 8, 2, 6, 17, 11, 4, 3, 9, 8, 11, 12, 8, 2, 2, 5, 11, 2, 1, 20, 17, 4, 4, 6, 7, 2, 16, 13, 4, 5, 12, 5, 11, 11, 4, 9, 4, 4, 2, 4, 1, 12, 4, 7, 12, 10, 2, 6, 10, 2, 7, 3, 9, 6, 5, 9, 16, 8, 8, 8, 12, 8, 14, 3, 15, 11, 4, 9, 6, 2, 5, 8, 15, 6, 7, 19, 3, 1, 2, 9, 8, 11, 12, 9, 2, 4, 3, 11, 3, 13, 11, 16, 2, 7, 9, 4, 8, 11, 3, 10, 1, 7, 2, 6, 3, 4, 7, 7, 9, 11, 2, 5, 3, 5, 1, 11, 9, 8, 15, 8, 10, 5, 3, 2, 11, 4, 1, 9, 10, 1, 4, 3, 6, 4, 4, 2, 9, 10, 3, 7, 3, 14, 8, 12, 14, 3, 6, 7, 13, 5, 3, 3, 8, 5, 5, 10, 3, 10, 5, 11, 6, 8, 1, 3, 6, 10, 6, 9, 12, 13, 8, 2, 1, 17, 8, 2, 9, 7, 4, 7, 4, 4, 2, 8, 1, 7, 12, 4, 7, 4, 6, 9, 8, 7, 16, 14, 16, 17, 8, 2, 14, 6, 15, 9, 3, 10, 11, 11, 9, 12, 12, 1, 5]

Run 16
Start: 1516472076.88
End: 1516472288.36
Elapsed: 211.48446703
Scores: [12, 11, 9, 8, 5, 8, 5, 2, 5, 4, 2, 4, 5, 5, 8, 12, 3, 10, 2, 10, 8, 14, 1, 4, 5, 3, 1, 1, 8, 3, 4, 9, 8, 26, 2, 14, 8, 3, 1, 3, 17, 6, 3, 5, 1, 4, 8, 1, 2, 1, 7, 14, 13, 11, 4, 3, 2, 3, 13, 2, 10, 7, 7, 4, 6, 3, 1, 4, 4, 6, 1, 3, 4, 9, 9, 2, 2, 14, 5, 10, 9, 3, 4, 2, 5, 5, 1, 2, 2, 9, 1, 13, 6, 1, 1, 3, 7, 3, 2, 4, 7, 1, 9, 6, 6, 1, 4, 2, 3, 1, 7, 6, 1, 1, 3, 2, 4, 2, 2, 4, 5, 5, 9, 9, 7, 9, 2, 12, 4, 11, 7, 1, 4, 1, 4, 2, 10, 10, 1, 11, 8, 11, 10, 8, 11, 1, 1, 5, 15, 1, 1, 3, 5, 2, 2, 1, 4, 9, 5, 10, 4, 10, 2, 17, 4, 16, 5, 10, 2, 4, 11, 3, 3, 3, 1, 8, 1, 11, 11, 2, 7, 2, 3, 9, 5, 4, 10, 4, 5, 4, 5, 5, 5, 5, 1, 3, 1, 7, 1, 6, 2, 2, 1, 3, 5, 3, 5, 8, 5, 3, 9, 4, 1, 1, 2, 5, 6, 14, 2, 1, 4, 4, 4, 14, 12, 11, 5, 11, 4, 8, 2, 2, 5, 5, 15, 8, 3, 5, 2, 8, 5, 3, 9, 4, 5, 3, 1, 1, 1, 1, 5, 6, 1, 5, 3, 18, 3, 4, 4, 5, 9, 4, 1, 1, 10, 3, 8, 3, 2, 3, 1, 1, 2, 1, 12, 12, 6, 9, 2, 1, 12, 3, 1, 2, 2, 4, 4, 1, 5, 9, 6, 1, 15, 13, 7, 11, 3, 4, 1, 2, 3, 10, 2, 10, 3, 14, 9, 1, 10, 10, 12, 10, 2, 8, 7, 9, 2, 3, 13, 10, 4, 2, 4, 3, 3, 6, 4, 5, 1, 9, 1, 3, 5, 16, 2, 1, 10, 2, 1, 3, 1, 4, 7, 8, 1, 2, 13, 23, 7, 6, 2, 4, 22, 5, 3, 2, 3, 8, 8, 7, 14, 4, 8, 3, 1, 4, 2, 1, 4, 9, 1, 2, 2, 9, 10, 6, 6, 5, 7, 4, 4, 13, 7, 3, 5, 5, 6, 16, 5, 13, 1, 6, 12, 11, 12, 4, 8, 5, 8, 3, 5, 2, 16, 4, 5, 2, 8, 3, 1, 7, 5, 13, 2, 2, 10, 10, 2, 12, 10, 7, 12, 2, 13, 10, 7, 4, 10, 17, 3, 4, 9, 8, 4, 9, 2, 4, 7, 4, 4, 5, 4, 1, 3, 1, 1, 10, 4, 3, 17, 1, 4, 5, 12, 6, 7, 3, 2, 5, 2, 1, 4, 2, 1, 2, 2, 9, 3, 7, 1, 3, 2, 11, 1, 9, 13, 8, 2, 6, 2, 1, 12, 3, 4, 1, 2, 12, 7, 2, 13, 2, 14, 1, 4, 10, 2, 1, 6, 9, 5, 6]

Run 17
Start: 1516472288.91
End: 1516472438.43
Elapsed: 149.519665956
Scores: [8, 4, 8, 7, 6, 1, 3, 4, 7, 3, 1, 2, 1, 4, 3, 5, 5, 2, 3, 2, 3, 10, 14, 5, 10, 5, 2, 1, 8, 3, 2, 4, 1, 2, 3, 4, 8, 12, 2, 7, 9, 4, 2, 1, 6, 10, 9, 7, 8, 6, 1, 1, 1, 2, 7, 3, 5, 9, 1, 3, 13, 1, 7, 7, 7, 5, 4, 3, 1, 6, 2, 6, 5, 6, 3, 2, 3, 14, 2, 6, 6, 1, 2, 6, 3, 1, 1, 1, 1, 1, 3, 1, 3, 8, 9, 6, 6, 6, 5, 1, 4, 5, 7, 7, 4, 6, 8, 2, 2, 8, 7, 11, 9, 2, 7, 11, 4, 7, 4, 5, 4, 5, 4, 7, 5, 3, 4, 4, 4, 1, 5, 4, 1, 8, 2, 1, 2, 8, 1, 7, 3, 2, 2, 8, 3, 1, 6, 7, 1, 9, 6, 4, 6, 2, 8, 7, 6, 5, 7, 7, 4, 4, 3, 7, 6, 1, 5, 3, 1, 1, 10, 1, 2, 5, 1, 1, 11, 2, 4, 5, 5, 7, 2, 11, 8, 2, 4, 5, 7, 9, 3, 1, 13, 2, 4, 8, 4, 3, 7, 1, 8, 3, 1, 1, 1, 1, 5, 8, 4, 10, 8, 9, 2, 5, 3, 1, 4, 4, 1, 3, 6, 1, 5, 2, 1, 2, 2, 7, 4, 1, 3, 3, 5, 5, 3, 3, 1, 1, 4, 6, 5, 11, 2, 2, 3, 4, 4, 11, 5, 9, 12, 5, 3, 6, 5, 2, 1, 1, 5, 7, 1, 1, 1, 1, 5, 9, 1, 3, 7, 6, 8, 6, 3, 1, 1, 3, 9, 3, 3, 6, 6, 2, 4, 1, 7, 5, 7, 5, 5, 2, 11, 5, 2, 3, 5, 9, 1, 6, 4, 9, 2, 4, 5, 14, 3, 2, 2, 12, 3, 4, 4, 2, 3, 5, 2, 5, 5, 9, 1, 2, 6, 1, 10, 8, 5, 4, 2, 1, 9, 1, 5, 6, 6, 3, 3, 1, 8, 6, 4, 2, 5, 2, 1, 1, 3, 3, 2, 5, 6, 9, 7, 5, 2, 1, 5, 4, 1, 5, 1, 4, 3, 12, 4, 6, 8, 4, 3, 1, 6, 5, 10, 3, 1, 2, 2, 13, 1, 1, 4, 1, 2, 3, 4, 2, 3, 2, 2, 3, 7, 1, 8, 4, 6, 2, 1, 8, 2, 2, 2, 15, 6, 2, 5, 1, 14, 1, 4, 5, 10, 10, 3, 3, 6, 2, 1, 7, 6, 9, 3, 11, 2, 4, 9, 1, 1, 3, 8, 1, 4, 3, 4, 2, 2, 2, 1, 10, 10, 4, 12, 3, 7, 5, 4, 1, 4, 1, 5, 5, 2, 4, 3, 6, 4, 4, 1, 1, 1, 10, 1, 3, 2, 2, 1, 3, 4, 8, 1, 2, 7, 10, 10, 1, 4, 3, 1, 1, 5, 4, 6, 2, 9, 7, 5, 5, 3, 10, 2, 2, 1, 2, 6, 3, 2, 4, 4, 3, 10, 15, 2, 3]

Run 18
Start: 1516472438.84
End: 1516472653.99
Elapsed: 215.156198978
Scores: [27, 21, 22, 25, 21, 19, 10, 18, 23, 5, 32, 16, 15, 11, 16, 8, 24, 15, 17, 14, 15, 22, 1, 17, 15, 22, 29, 8, 12, 3, 14, 16, 16, 17, 20, 17, 20, 17, 8, 30, 31, 25, 16, 26, 3, 16, 21, 5, 23, 18, 19, 26, 17, 20, 15, 29, 8, 19, 14, 16, 26, 24, 13, 17, 11, 5, 21, 24, 25, 19, 10, 17, 17, 17, 13, 11, 27, 25, 30, 23, 9, 19, 23, 4, 16, 28, 9, 11, 19, 3, 9, 27, 29, 17, 8, 3, 25, 17, 12, 20, 24, 9, 12, 25, 19, 16, 12, 17, 19, 3, 17, 18, 22, 20, 30, 35, 14, 17, 11, 2, 24, 11, 4, 14, 24, 20, 8, 22, 25, 20, 10, 20, 26, 21, 3, 21, 22, 33, 17, 15, 11, 14, 33, 6, 3, 24, 16, 27, 6, 8, 22, 15, 23, 20, 11, 21, 25, 12, 11, 21, 19, 15, 16, 15, 13, 7, 29, 17, 20, 24, 36, 14, 18, 15, 22, 21, 6, 13, 23, 24, 11, 25, 20, 24, 20, 30, 11, 7, 24, 18, 20, 18, 18, 2, 10, 20, 17, 6, 24, 28, 15, 1, 26, 11, 15, 4, 9, 2, 20, 20, 30, 11, 2, 15, 19, 19, 22, 13, 19, 26, 16, 17, 6, 23, 7, 8, 19, 8, 7, 19, 15, 15, 6, 26, 8, 15, 25, 21, 22, 18, 23, 10, 21, 15, 25, 34, 21, 23, 12, 19, 13, 17, 15, 14, 33, 24, 21, 17, 25, 5, 15, 11, 20, 25, 13, 34, 28, 1, 4, 11, 34, 13, 9, 21, 13, 25, 27, 8, 24, 4, 9, 23, 21, 7, 14, 14, 19, 8, 4, 22, 17, 20, 26, 21, 21, 18, 4, 30, 11, 28, 14, 17, 28, 39, 15, 16, 23, 34, 26, 17, 18, 29, 26, 21, 21, 22, 30, 34, 20, 19, 26, 16, 25, 5, 22, 34, 19, 20, 28, 5, 17, 15, 9, 17, 23, 24, 6, 24, 4, 22, 18, 1, 7, 20, 8, 7, 20, 19, 6, 23, 6, 15, 12, 19, 20, 14, 5, 13, 7, 19, 17, 17, 24, 18, 19, 22, 17, 5, 15, 6, 18, 19, 24, 19, 25, 3, 30, 18, 15, 23, 2, 16, 15, 6, 2, 19, 20, 12, 15, 2, 15, 16, 17, 3, 25, 35, 19, 10, 24, 22, 14, 15, 17, 16, 20, 17, 16, 24, 16, 14, 19, 31, 22, 20, 32, 18, 10, 22, 31, 22, 7, 34, 21, 16, 34, 25, 28, 17, 17, 24, 11, 27, 19, 15, 26, 9, 5, 26, 5, 17, 22, 17, 13, 19, 14, 11, 30, 17, 3, 23, 25, 5, 26, 32, 17, 12, 29, 9, 23, 26, 28, 22, 24, 29, 16, 17, 21, 28, 31, 7, 4, 17, 10, 16, 16, 14, 20, 16, 1, 8, 16, 10, 30, 30, 27, 15, 21, 22, 21, 3, 15, 17, 18, 25, 12, 32, 20, 14, 29, 21]

Run 19
Start: 1516472655.02
End: 1516472992.11
Elapsed: 337.092684031
Scores: [29, 32, 34, 21, 3, 20, 20, 22, 20, 25, 24, 29, 27, 36, 5, 5, 3, 41, 14, 26, 14, 12, 39, 21, 10, 17, 5, 7, 2, 22, 24, 14, 23, 21, 15, 24, 24, 25, 32, 13, 5, 8, 19, 18, 25, 18, 16, 3, 8, 11, 21, 26, 21, 21, 36, 7, 23, 28, 15, 15, 26, 15, 24, 27, 20, 9, 7, 28, 29, 20, 28, 4, 17, 26, 16, 12, 5, 32, 24, 9, 23, 4, 34, 3, 28, 10, 19, 23, 33, 36, 11, 17, 15, 27, 7, 24, 27, 36, 3, 23, 29, 15, 16, 35, 13, 5, 26, 28, 13, 22, 28, 32, 12, 34, 26, 19, 19, 23, 18, 19, 22, 36, 22, 30, 30, 19, 4, 6, 9, 35, 20, 28, 19, 5, 28, 26, 27, 15, 28, 21, 7, 19, 30, 29, 28, 29, 25, 27, 27, 29, 33, 10, 23, 30, 17, 8, 29, 22, 32, 35, 13, 36, 13, 31, 4, 32, 31, 29, 6, 1, 17, 34, 8, 30, 10, 18, 26, 31, 9, 5, 16, 35, 2, 23, 29, 10, 18, 5, 21, 25, 19, 11, 20, 23, 22, 27, 33, 33, 40, 26, 7, 15, 23, 28, 26, 22, 2, 3, 17, 23, 27, 13, 21, 31, 22, 29, 4, 7, 23, 22, 12, 35, 16, 27, 20, 27, 31, 25, 33, 20, 19, 3, 20, 27, 24, 15, 17, 23, 22, 34, 14, 18, 29, 20, 22, 8, 25, 17, 18, 24, 18, 17, 24, 26, 22, 35, 27, 3, 7, 20, 24, 9, 12, 34, 4, 18, 8, 4, 2, 18, 23, 19, 18, 31, 24, 18, 5, 22, 23, 30, 29, 27, 33, 29, 33, 26, 5, 4, 32, 15, 22, 3, 22, 20, 3, 14, 11, 28, 24, 30, 14, 15, 30, 5, 21, 32, 29, 28, 33, 22, 31, 19, 4, 19, 3, 19, 2, 13, 15, 27, 23, 31, 23, 15, 15, 33, 7, 26, 34, 15, 21, 37, 24, 17, 18, 17, 29, 31, 21, 24, 29, 25, 25, 18, 32, 10, 27, 25, 23, 14, 6, 19, 14, 26, 3, 23, 1, 25, 11, 7, 20, 1, 25, 11, 2, 37, 29, 27, 26, 2, 16, 13, 36, 21, 2, 24, 19, 26, 19, 28, 28, 24, 23, 20, 27, 32, 31, 8, 14, 29, 11, 23, 5, 6, 25, 32, 22, 17, 22, 29, 23, 27, 14, 29, 28, 20, 2, 20, 17, 23, 20, 15, 5, 21, 18, 8, 17, 6, 6, 25, 22, 37, 4, 10, 8, 10, 13, 5, 31, 22, 16, 25, 29, 25, 19, 20, 20, 26, 33, 17, 26, 29, 34, 9, 18, 16, 20, 17, 6, 7, 7, 21, 27, 20, 16, 6, 24, 15, 29, 10, 22, 17, 27, 29, 40, 31, 19, 30, 21, 9, 26, 31, 34, 22, 17, 7, 21, 29, 30, 11, 29, 34, 21, 22, 18, 31, 18, 6, 8, 8, 21, 28, 31, 14, 15, 25, 20, 21, 34, 36]

Run 20
Start: 1516472993.43
End: 1516473328.63
Elapsed: 335.206269979
Scores: [32, 26, 27, 28, 27, 21, 23, 27, 25, 24, 9, 26, 16, 18, 28, 9, 3, 24, 29, 21, 24, 28, 15, 30, 28, 32, 24, 22, 15, 3, 8, 26, 30, 19, 22, 28, 18, 28, 25, 13, 23, 36, 23, 19, 19, 24, 16, 12, 1, 17, 1, 8, 19, 28, 16, 15, 28, 19, 12, 17, 30, 28, 19, 25, 16, 4, 6, 27, 15, 5, 24, 15, 16, 23, 20, 13, 3, 6, 15, 31, 31, 26, 15, 25, 15, 14, 18, 14, 20, 14, 25, 17, 11, 20, 15, 10, 1, 30, 18, 28, 1, 7, 17, 19, 25, 12, 20, 10, 19, 23, 26, 8, 6, 11, 16, 27, 13, 23, 24, 5, 15, 33, 23, 18, 30, 29, 13, 21, 20, 15, 27, 25, 10, 18, 23, 18, 17, 23, 17, 27, 14, 10, 21, 25, 21, 38, 24, 19, 29, 33, 32, 19, 15, 20, 23, 12, 35, 21, 2, 2, 20, 10, 31, 1, 18, 21, 17, 25, 23, 12, 21, 3, 1, 24, 9, 25, 17, 22, 17, 40, 26, 9, 4, 23, 39, 12, 39, 30, 1, 25, 19, 3, 20, 36, 24, 18, 26, 29, 21, 23, 28, 23, 18, 17, 23, 23, 25, 35, 14, 1, 27, 1, 15, 23, 7, 20, 27, 24, 17, 34, 22, 21, 24, 4, 16, 26, 26, 28, 1, 20, 25, 27, 14, 15, 27, 23, 10, 3, 19, 8, 29, 15, 17, 2, 16, 31, 28, 19, 21, 38, 22, 14, 21, 13, 2, 23, 4, 24, 26, 17, 22, 15, 26, 30, 5, 21, 15, 8, 3, 16, 18, 16, 15, 7, 19, 17, 30, 10, 15, 18, 21, 21, 22, 17, 22, 31, 20, 8, 4, 18, 3, 13, 8, 23, 22, 10, 14, 11, 19, 19, 14, 31, 23, 15, 21, 28, 17, 14, 16, 3, 27, 30, 25, 31, 16, 20, 30, 27, 19, 18, 33, 17, 15, 32, 16, 28, 28, 22, 13, 17, 13, 28, 4, 15, 13, 23, 21, 5, 13, 6, 29, 36, 22, 18, 25, 7, 10, 26, 23, 20, 29, 12, 11, 9, 11, 12, 20, 26, 20, 23, 30, 30, 16, 2, 26, 17, 20, 32, 15, 20, 1, 16, 11, 16, 18, 10, 26, 13, 15, 24, 8, 1, 24, 22, 24, 14, 29, 27, 2, 27, 14, 30, 26, 18, 24, 29, 21, 22, 26, 3, 31, 22, 13, 28, 18, 23, 15, 21, 19, 30, 11, 26, 31, 21, 24, 31, 27, 17, 15, 23, 13, 12, 15, 21, 23, 11, 30, 22, 14, 18, 24, 15, 23, 23, 24, 19, 32, 25, 27, 19, 25, 30, 22, 31, 20, 18, 19, 25, 25, 1, 38, 23, 22, 28, 16, 25, 34, 24, 15, 24, 16, 3, 17, 19, 18, 25, 25, 18, 21, 1, 16, 17, 22, 12, 7, 24, 21, 1, 25, 15, 12, 16, 17, 16, 27, 27, 13, 38, 22, 20, 15, 4, 26, 17, 21, 14, 32, 18, 22, 11]

Run 21
Start: 1516473330.4
End: 1516473603.44
Elapsed: 273.041849852
Scores: [16, 14, 5, 23, 9, 1, 1, 18, 4, 23, 18, 2, 18, 18, 10, 10, 16, 27, 6, 13, 18, 16, 20, 18, 8, 2, 2, 12, 2, 7, 9, 13, 2, 16, 18, 4, 24, 14, 1, 4, 1, 9, 20, 13, 17, 23, 6, 15, 20, 6, 22, 24, 13, 3, 5, 17, 28, 19, 12, 16, 22, 19, 14, 9, 5, 18, 2, 3, 6, 9, 28, 12, 4, 22, 12, 3, 9, 8, 24, 18, 19, 11, 5, 9, 19, 21, 12, 6, 20, 19, 16, 12, 9, 12, 15, 7, 18, 3, 9, 16, 26, 13, 7, 11, 26, 19, 14, 12, 13, 2, 9, 14, 18, 19, 20, 7, 1, 13, 16, 8, 15, 4, 17, 17, 3, 11, 7, 6, 13, 17, 13, 14, 16, 9, 13, 21, 4, 13, 12, 16, 23, 5, 3, 22, 14, 12, 21, 19, 13, 13, 17, 17, 19, 13, 3, 17, 21, 14, 25, 20, 25, 13, 11, 9, 18, 6, 20, 13, 22, 19, 18, 4, 19, 16, 15, 15, 20, 16, 10, 11, 13, 16, 21, 8, 26, 14, 12, 10, 15, 15, 13, 18, 16, 7, 13, 17, 23, 8, 6, 20, 22, 15, 9, 14, 9, 18, 14, 11, 4, 8, 23, 32, 12, 18, 12, 5, 7, 6, 11, 16, 18, 8, 7, 10, 11, 24, 13, 3, 13, 20, 19, 13, 17, 19, 10, 7, 7, 3, 11, 14, 17, 12, 18, 22, 9, 8, 6, 7, 4, 18, 13, 9, 14, 24, 24, 13, 8, 16, 19, 4, 7, 6, 10, 18, 9, 10, 8, 3, 21, 19, 5, 20, 7, 13, 9, 21, 23, 15, 14, 10, 1, 13, 4, 16, 5, 19, 13, 15, 18, 11, 21, 13, 10, 10, 14, 16, 20, 6, 7, 4, 15, 22, 13, 9, 23, 8, 10, 5, 4, 26, 24, 10, 2, 3, 13, 6, 15, 24, 15, 19, 10, 14, 19, 11, 13, 12, 19, 13, 16, 14, 3, 11, 20, 3, 17, 24, 18, 6, 17, 18, 12, 12, 6, 15, 9, 11, 12, 1, 13, 5, 3, 12, 12, 15, 17, 19, 8, 13, 15, 13, 20, 17, 24, 9, 6, 15, 8, 4, 16, 16, 18, 7, 4, 21, 17, 7, 25, 21, 11, 21, 17, 9, 8, 13, 15, 6, 3, 17, 8, 5, 7, 26, 8, 7, 12, 18, 14, 25, 25, 12, 19, 17, 11, 16, 15, 8, 25, 15, 6, 14, 14, 9, 14, 6, 7, 2, 20, 25, 5, 12, 23, 14, 6, 6, 8, 7, 22, 15, 8, 10, 1, 17, 12, 20, 17, 2, 6, 15, 17, 17, 15, 6, 2, 4, 19, 13, 11, 16, 14, 1, 6, 12, 11, 1, 11, 10, 20, 13, 21, 3, 17, 12, 22, 5, 11, 7, 11, 20, 21, 17, 2, 11, 4, 13, 6, 5, 19, 14, 2, 3, 5, 9, 5, 4, 17, 11, 14, 23, 27, 18, 17, 4, 7, 9, 8, 5, 3, 17, 14, 10]

Run 26
Start: 1516473592.21
End: 1516473784.95
Elapsed: 192.736136913
Scores: [3, 2, 4, 11, 6, 8, 10, 3, 2, 8, 12, 13, 1, 4, 1, 9, 7, 6, 5, 1, 4, 6, 4, 1, 4, 8, 3, 3, 8, 5, 4, 3, 1, 8, 1, 2, 4, 3, 5, 12, 4, 4, 9, 1, 7, 6, 6, 1, 2, 8, 1, 1, 5, 1, 1, 10, 1, 3, 15, 2, 12, 1, 10, 9, 4, 11, 15, 5, 6, 7, 8, 5, 4, 1, 12, 2, 8, 11, 8, 1, 3, 4, 6, 1, 2, 2, 8, 10, 4, 5, 12, 4, 16, 11, 7, 5, 4, 13, 1, 6, 5, 2, 3, 5, 1, 2, 10, 13, 4, 6, 9, 9, 7, 1, 1, 4, 7, 3, 1, 4, 8, 10, 2, 1, 7, 14, 6, 2, 3, 6, 5, 9, 11, 2, 10, 7, 7, 9, 10, 1, 1, 6, 2, 2, 6, 2, 2, 1, 1, 6, 9, 2, 8, 2, 4, 4, 4, 6, 11, 1, 5, 1, 2, 1, 1, 3, 2, 5, 7, 7, 13, 5, 13, 5, 5, 1, 8, 13, 6, 1, 8, 1, 1, 2, 2, 7, 8, 7, 6, 6, 1, 2, 10, 9, 4, 7, 7, 3, 7, 2, 8, 10, 1, 5, 4, 3, 7, 8, 8, 1, 3, 7, 1, 6, 4, 3, 1, 4, 7, 2, 9, 7, 4, 1, 1, 1, 7, 1, 1, 13, 7, 6, 2, 4, 3, 7, 9, 2, 3, 1, 8, 5, 10, 1, 1, 9, 17, 3, 3, 3, 3, 4, 8, 2, 7, 5, 3, 5, 6, 6, 5, 5, 6, 3, 8, 17, 1, 5, 3, 12, 4, 5, 1, 4, 4, 5, 4, 5, 5, 2, 10, 4, 13, 3, 2, 5, 12, 5, 2, 10, 7, 2, 5, 7, 2, 14, 1, 6, 3, 1, 16, 8, 7, 6, 12, 7, 3, 9, 4, 4, 8, 1, 7, 7, 6, 12, 16, 5, 10, 1, 3, 11, 6, 5, 10, 1, 1, 4, 4, 1, 3, 9, 8, 10, 9, 5, 7, 13, 4, 7, 2, 4, 2, 7, 6, 7, 5, 12, 5, 4, 2, 5, 1, 3, 3, 9, 14, 3, 8, 3, 8, 5, 6, 6, 1, 2, 7, 2, 1, 1, 5, 2, 1, 3, 3, 3, 8, 6, 9, 6, 5, 1, 7, 1, 3, 2, 3, 6, 2, 2, 2, 7, 1, 8, 11, 8, 6, 5, 2, 6, 12, 15, 7, 2, 3, 3, 8, 5, 2, 3, 4, 6, 4, 6, 4, 1, 1, 7, 2, 10, 6, 6, 4, 11, 6, 6, 2, 13, 2, 9, 1, 5, 10, 10, 7, 6, 3, 3, 10, 15, 5, 7, 7, 4, 1, 5, 8, 9, 17, 10, 9, 4, 1, 3, 9, 3, 5, 4, 3, 12, 4, 9, 7, 7, 3, 4, 11, 2, 1, 2, 4, 5, 6, 4, 4, 13, 10, 5, 5, 4, 6, 4, 7, 10, 7, 1, 1, 2, 10, 14, 6, 9, 1, 1, 10, 2, 4, 11, 8, 2]

Run 22
Start: 1516473604.61
End: 1516473927.3
Elapsed: 322.694898844
Scores: [3, 21, 23, 12, 26, 18, 22, 16, 13, 15, 24, 20, 15, 23, 8, 18, 22, 15, 13, 20, 30, 28, 20, 27, 35, 3, 20, 18, 19, 5, 29, 6, 4, 14, 15, 39, 21, 12, 27, 16, 18, 21, 4, 24, 21, 13, 7, 15, 14, 1, 18, 24, 28, 21, 3, 21, 15, 16, 14, 14, 30, 18, 18, 7, 30, 1, 20, 23, 23, 16, 18, 26, 21, 4, 31, 18, 15, 23, 10, 14, 21, 29, 30, 13, 22, 11, 21, 9, 18, 18, 7, 16, 23, 14, 25, 10, 10, 14, 5, 6, 17, 21, 27, 18, 22, 25, 14, 27, 25, 26, 23, 14, 14, 1, 14, 16, 20, 17, 16, 31, 10, 13, 34, 18, 16, 22, 20, 26, 13, 13, 26, 26, 15, 29, 9, 30, 32, 22, 8, 32, 16, 24, 27, 34, 29, 16, 15, 17, 7, 16, 18, 27, 20, 22, 19, 24, 17, 20, 9, 19, 22, 7, 4, 15, 24, 19, 14, 14, 23, 4, 17, 10, 21, 19, 22, 15, 17, 6, 11, 8, 29, 21, 8, 24, 32, 16, 19, 6, 19, 18, 6, 20, 23, 32, 15, 22, 24, 6, 21, 15, 23, 17, 17, 11, 19, 15, 12, 17, 20, 22, 9, 23, 28, 16, 17, 23, 32, 14, 30, 29, 1, 2, 26, 16, 8, 22, 24, 2, 21, 17, 19, 9, 17, 6, 22, 17, 22, 17, 7, 17, 16, 16, 17, 14, 24, 15, 17, 15, 15, 10, 17, 26, 18, 23, 11, 23, 5, 18, 17, 13, 20, 26, 19, 20, 2, 15, 23, 15, 25, 10, 23, 24, 22, 22, 5, 22, 24, 19, 8, 17, 15, 28, 20, 16, 26, 3, 16, 28, 21, 7, 28, 29, 10, 17, 8, 22, 17, 20, 23, 5, 18, 24, 2, 19, 18, 11, 18, 14, 26, 27, 19, 30, 22, 20, 25, 20, 15, 16, 18, 15, 8, 28, 25, 4, 3, 17, 15, 25, 12, 11, 24, 25, 2, 31, 7, 19, 24, 17, 20, 5, 26, 17, 8, 14, 14, 17, 13, 10, 8, 25, 2, 34, 19, 27, 17, 2, 14, 16, 2, 18, 21, 14, 11, 13, 18, 19, 26, 3, 14, 14, 5, 17, 22, 24, 20, 20, 17, 16, 39, 21, 24, 23, 18, 10, 13, 28, 7, 4, 22, 14, 19, 20, 5, 19, 19, 22, 25, 24, 33, 20, 9, 25, 10, 16, 17, 23, 26, 24, 19, 19, 27, 23, 14, 28, 7, 19, 16, 4, 19, 18, 25, 19, 16, 32, 17, 16, 17, 6, 18, 19, 4, 13, 12, 30, 17, 30, 20, 15, 21, 23, 16, 5, 32, 4, 18, 24, 18, 18, 29, 33, 11, 20, 20, 32, 22, 10, 24, 21, 24, 16, 2, 20, 10, 7, 12, 13, 12, 19, 28, 15, 21, 13, 9, 17, 8, 28, 8, 20, 16, 24, 13, 21, 21, 30, 15, 8, 17, 20, 20, 21, 17, 4, 27, 21, 14, 11, 25, 14, 21, 9]

Run 27
Start: 1516473785.2
End: 1516474185.59
Elapsed: 400.390801907
Scores: [7, 28, 20, 24, 14, 22, 7, 10, 10, 18, 8, 17, 13, 25, 14, 14, 26, 26, 16, 23, 21, 16, 4, 4, 22, 21, 23, 17, 11, 13, 12, 13, 14, 21, 25, 10, 12, 9, 22, 24, 18, 23, 26, 1, 23, 13, 24, 4, 9, 9, 18, 21, 27, 30, 25, 32, 10, 27, 27, 13, 22, 16, 26, 14, 21, 1, 16, 13, 18, 25, 8, 20, 22, 1, 14, 12, 19, 20, 19, 12, 24, 20, 13, 8, 16, 2, 21, 10, 16, 21, 14, 27, 24, 26, 26, 20, 12, 21, 23, 17, 21, 1, 13, 21, 20, 2, 9, 21, 16, 7, 14, 26, 19, 15, 15, 21, 19, 4, 31, 20, 12, 10, 17, 5, 25, 10, 19, 23, 13, 1, 1, 21, 31, 18, 14, 15, 21, 13, 9, 25, 13, 19, 23, 25, 8, 21, 12, 23, 7, 22, 24, 11, 20, 3, 14, 8, 4, 20, 31, 26, 16, 1, 20, 1, 4, 19, 27, 33, 21, 14, 19, 11, 18, 18, 18, 7, 24, 3, 10, 16, 28, 4, 23, 8, 7, 27, 19, 24, 27, 23, 23, 15, 32, 16, 24, 11, 25, 1, 22, 22, 4, 20, 5, 2, 10, 26, 6, 10, 15, 27, 16, 13, 6, 17, 15, 22, 14, 12, 25, 9, 1, 21, 10, 8, 26, 6, 19, 14, 20, 13, 20, 17, 26, 20, 27, 16, 18, 22, 18, 6, 11, 29, 30, 8, 6, 21, 8, 4, 12, 23, 24, 2, 23, 5, 6, 17, 5, 16, 15, 4, 18, 23, 14, 2, 17, 11, 18, 31, 11, 15, 1, 24, 21, 28, 2, 1, 2, 15, 12, 12, 15, 14, 22, 16, 22, 22, 31, 25, 21, 12, 26, 22, 12, 28, 18, 14, 3, 17, 25, 9, 21, 31, 13, 18, 17, 4, 19, 30, 23, 4, 14, 1, 17, 13, 6, 2, 23, 25, 22, 16, 27, 20, 19, 7, 13, 14, 2, 19, 12, 23, 20, 21, 15, 15, 17, 19, 17, 22, 19, 19, 4, 30, 13, 21, 14, 21, 21, 32, 7, 22, 11, 22, 1, 7, 13, 21, 7, 13, 11, 21, 21, 1, 30, 20, 7, 19, 22, 3, 16, 18, 15, 27, 19, 14, 14, 26, 12, 25, 1, 23, 13, 17, 20, 13, 17, 21, 15, 20, 27, 9, 29, 29, 13, 11, 14, 18, 27, 15, 11, 25, 20, 24, 26, 1, 20, 26, 15, 3, 12, 7, 12, 27, 8, 25, 14, 11, 25, 18, 8, 20, 24, 19, 24, 20, 22, 35, 4, 17, 15, 8, 18, 23, 2, 17, 15, 5, 1, 23, 18, 23, 14, 4, 17, 3, 28, 4, 11, 17, 3, 28, 12, 2, 16, 12, 19, 5, 18, 30, 3, 24, 10, 18, 20, 18, 28, 20, 8, 16, 13, 9, 26, 6, 23, 15, 21, 18, 21, 8, 12, 18, 18, 22, 16, 19, 4, 3, 21, 19, 10, 25, 18, 20, 7, 10, 8, 19, 17, 14, 26, 19]

Run 23
Start: 1516473928.76
End: 1516474201.16
Elapsed: 272.403479815
Scores: [7, 13, 6, 12, 5, 7, 17, 8, 12, 10, 17, 18, 19, 4, 13, 16, 3, 18, 4, 21, 18, 21, 23, 11, 17, 2, 8, 6, 3, 16, 22, 15, 8, 12, 9, 15, 17, 19, 17, 16, 25, 11, 16, 28, 15, 4, 21, 12, 9, 5, 4, 9, 23, 15, 6, 23, 13, 8, 10, 8, 14, 7, 16, 8, 17, 6, 19, 12, 25, 6, 20, 5, 7, 24, 26, 22, 2, 4, 13, 22, 6, 7, 23, 21, 9, 20, 23, 2, 19, 5, 15, 7, 18, 5, 14, 5, 26, 10, 18, 14, 4, 8, 7, 33, 17, 11, 17, 10, 15, 17, 13, 6, 20, 20, 4, 23, 2, 4, 1, 25, 19, 9, 21, 2, 20, 22, 6, 2, 15, 11, 6, 18, 12, 15, 11, 9, 1, 8, 13, 19, 4, 6, 21, 7, 16, 13, 10, 10, 5, 8, 2, 13, 2, 9, 10, 10, 9, 25, 6, 17, 15, 13, 20, 12, 15, 9, 18, 5, 10, 6, 18, 10, 16, 5, 19, 23, 20, 17, 6, 28, 13, 24, 8, 7, 2, 22, 17, 17, 5, 9, 8, 20, 2, 8, 20, 4, 2, 16, 15, 21, 10, 12, 17, 15, 4, 11, 2, 10, 15, 20, 7, 15, 24, 12, 21, 14, 21, 12, 16, 6, 16, 17, 14, 19, 8, 16, 12, 8, 14, 14, 5, 13, 15, 7, 16, 23, 3, 18, 2, 12, 19, 3, 5, 6, 9, 15, 14, 10, 9, 21, 2, 11, 12, 25, 24, 4, 6, 25, 18, 28, 18, 3, 2, 5, 11, 16, 19, 19, 24, 15, 10, 20, 3, 11, 14, 4, 11, 21, 12, 18, 6, 24, 10, 7, 19, 24, 2, 22, 6, 6, 19, 14, 5, 21, 30, 26, 10, 9, 6, 22, 15, 15, 16, 27, 5, 13, 22, 20, 18, 11, 18, 7, 15, 17, 6, 16, 11, 5, 1, 7, 16, 15, 7, 19, 10, 4, 11, 12, 7, 6, 6, 11, 7, 17, 32, 24, 15, 7, 18, 21, 6, 18, 15, 22, 16, 20, 17, 19, 4, 16, 25, 26, 1, 15, 23, 7, 9, 20, 14, 25, 9, 22, 13, 6, 10, 6, 18, 20, 18, 15, 6, 18, 16, 24, 22, 18, 8, 22, 6, 6, 17, 6, 2, 27, 7, 8, 3, 18, 4, 21, 10, 16, 7, 23, 21, 17, 7, 12, 7, 9, 9, 10, 5, 2, 15, 6, 15, 6, 13, 3, 14, 8, 7, 20, 8, 19, 28, 14, 18, 22, 24, 15, 11, 18, 18, 3, 25, 18, 16, 9, 10, 17, 19, 10, 26, 6, 17, 14, 8, 23, 2, 20, 27, 8, 17, 6, 24, 13, 6, 20, 9, 9, 25, 2, 10, 1, 8, 10, 28, 11, 8, 24, 5, 9, 3, 1, 12, 27, 9, 21, 11, 17, 15, 7, 11, 12, 10, 6, 1, 12, 2, 18, 3, 14, 21, 13, 11, 13, 6, 2, 11, 11, 6, 1, 15, 2, 8, 18, 21, 6]

Run 24
Start: 1516474202.16
End: 1516474397.08
Elapsed: 194.922600985
Scores: [6, 8, 9, 3, 3, 3, 1, 2, 8, 4, 7, 9, 12, 4, 16, 5, 8, 6, 5, 5, 6, 2, 8, 10, 2, 2, 3, 3, 5, 6, 3, 2, 8, 1, 3, 7, 3, 4, 2, 12, 15, 2, 1, 8, 11, 1, 5, 5, 8, 3, 6, 4, 2, 4, 1, 1, 3, 7, 5, 11, 3, 5, 1, 24, 3, 3, 8, 10, 9, 9, 4, 1, 3, 1, 2, 2, 2, 6, 4, 1, 3, 1, 5, 8, 1, 12, 15, 10, 7, 8, 8, 2, 4, 1, 11, 5, 9, 4, 7, 5, 10, 3, 2, 2, 13, 5, 5, 2, 14, 9, 4, 6, 10, 5, 3, 11, 2, 2, 8, 5, 1, 15, 7, 8, 1, 8, 1, 5, 1, 1, 7, 2, 9, 2, 5, 1, 10, 2, 8, 3, 7, 10, 5, 8, 7, 2, 3, 12, 2, 5, 7, 6, 1, 5, 4, 2, 9, 3, 5, 5, 2, 3, 3, 17, 15, 4, 3, 1, 1, 16, 13, 9, 4, 7, 2, 3, 17, 7, 3, 1, 1, 6, 2, 1, 9, 3, 6, 1, 2, 4, 4, 4, 1, 2, 1, 7, 1, 6, 4, 8, 2, 8, 5, 7, 1, 4, 14, 2, 7, 3, 8, 1, 5, 3, 4, 1, 6, 11, 2, 3, 10, 1, 1, 3, 1, 7, 10, 3, 4, 1, 4, 2, 7, 4, 9, 1, 11, 1, 2, 7, 10, 5, 10, 2, 10, 15, 3, 8, 2, 3, 5, 2, 3, 13, 6, 6, 5, 3, 2, 4, 11, 7, 4, 7, 7, 1, 6, 10, 11, 1, 10, 2, 6, 4, 1, 2, 8, 2, 1, 4, 7, 4, 7, 4, 7, 5, 3, 5, 5, 3, 4, 5, 3, 1, 3, 2, 4, 5, 2, 4, 16, 14, 3, 8, 5, 4, 6, 2, 10, 6, 9, 4, 12, 5, 4, 2, 1, 3, 5, 9, 9, 8, 4, 2, 11, 2, 2, 2, 6, 3, 9, 5, 9, 1, 3, 5, 14, 2, 6, 3, 5, 1, 1, 1, 4, 1, 7, 4, 8, 1, 1, 13, 1, 5, 8, 3, 2, 2, 4, 4, 8, 1, 2, 3, 6, 9, 4, 2, 12, 6, 6, 12, 2, 10, 1, 3, 5, 2, 4, 1, 5, 5, 11, 9, 11, 6, 7, 16, 2, 6, 1, 4, 5, 3, 3, 1, 7, 7, 1, 3, 3, 6, 2, 1, 7, 10, 2, 4, 7, 7, 6, 9, 2, 5, 3, 2, 7, 7, 5, 2, 15, 9, 13, 5, 5, 6, 3, 3, 2, 5, 1, 2, 1, 12, 11, 8, 1, 4, 4, 8, 3, 9, 1, 2, 1, 3, 3, 4, 1, 3, 3, 1, 4, 6, 9, 5, 4, 14, 1, 3, 4, 16, 1, 3, 3, 5, 3, 1, 13, 1, 3, 3, 1, 1, 8, 1, 6, 7, 11, 8, 6, 5, 9, 4, 1, 1, 7, 6, 2, 6, 9, 3, 2, 1, 3, 4, 8, 14, 11, 12]

Run 28
Start: 1516474187.27
End: 1516474423.63
Elapsed: 236.355694056
Scores: [21, 14, 7, 5, 3, 1, 7, 1, 4, 10, 4, 9, 3, 3, 10, 14, 3, 12, 12, 13, 19, 7, 11, 2, 7, 2, 1, 3, 5, 6, 21, 17, 13, 4, 13, 5, 9, 1, 9, 3, 7, 11, 1, 17, 4, 16, 11, 1, 15, 13, 13, 4, 34, 9, 8, 12, 11, 3, 10, 3, 11, 4, 14, 9, 5, 10, 4, 12, 1, 15, 8, 3, 4, 4, 6, 10, 19, 6, 2, 3, 5, 4, 21, 2, 16, 12, 13, 5, 1, 13, 13, 5, 4, 17, 3, 3, 12, 8, 12, 8, 7, 10, 17, 3, 9, 22, 3, 16, 13, 20, 8, 5, 14, 19, 16, 3, 8, 8, 4, 14, 7, 8, 10, 8, 24, 6, 6, 1, 4, 2, 1, 11, 2, 13, 13, 11, 18, 12, 13, 14, 3, 8, 13, 12, 11, 5, 9, 9, 9, 9, 8, 5, 6, 5, 18, 8, 18, 8, 9, 6, 10, 16, 21, 6, 7, 7, 3, 10, 2, 7, 8, 5, 3, 6, 10, 1, 8, 2, 16, 1, 15, 9, 19, 17, 21, 14, 8, 4, 11, 4, 6, 2, 14, 14, 5, 6, 12, 5, 13, 10, 9, 11, 17, 9, 12, 31, 1, 14, 11, 12, 10, 12, 2, 13, 10, 2, 23, 16, 8, 5, 20, 20, 11, 15, 6, 11, 6, 8, 9, 19, 11, 14, 13, 20, 18, 4, 9, 16, 9, 11, 3, 9, 17, 11, 6, 19, 16, 16, 4, 13, 5, 1, 9, 5, 12, 15, 9, 4, 9, 9, 8, 6, 7, 19, 5, 21, 8, 9, 17, 3, 1, 14, 1, 12, 13, 6, 31, 5, 5, 7, 19, 13, 15, 2, 4, 9, 10, 13, 3, 18, 6, 16, 7, 2, 9, 7, 5, 9, 21, 2, 8, 4, 5, 9, 8, 13, 13, 13, 20, 10, 5, 1, 19, 17, 6, 8, 1, 11, 14, 8, 6, 22, 9, 7, 25, 13, 1, 4, 1, 13, 16, 4, 10, 7, 13, 5, 19, 7, 18, 15, 14, 7, 7, 11, 11, 10, 4, 7, 8, 1, 7, 8, 9, 9, 1, 8, 5, 5, 3, 7, 7, 5, 3, 11, 1, 15, 6, 15, 4, 15, 7, 9, 16, 17, 12, 25, 14, 6, 1, 7, 16, 5, 15, 4, 10, 4, 5, 6, 4, 3, 2, 11, 10, 2, 21, 2, 4, 14, 8, 10, 13, 23, 13, 9, 14, 4, 1, 11, 1, 9, 2, 12, 1, 7, 2, 4, 14, 21, 6, 2, 9, 16, 7, 9, 9, 1, 10, 23, 9, 1, 1, 13, 19, 4, 14, 6, 11, 10, 7, 10, 10, 1, 15, 9, 3, 3, 10, 1, 4, 4, 3, 15, 9, 9, 6, 13, 8, 2, 5, 1, 17, 10, 17, 11, 5, 14, 10, 3, 9, 3, 16, 18, 7, 6, 9, 26, 13, 7, 7, 14, 6, 7, 1, 19, 11, 1, 14, 18, 2, 18, 10, 2, 9, 4, 1, 17, 3, 4, 12, 4]

Run 25
Start: 1516474397.49
End: 1516474651.13
Elapsed: 253.641085863
Scores: [16, 16, 21, 17, 18, 19, 20, 14, 16, 2, 4, 17, 16, 10, 2, 23, 9, 21, 19, 8, 7, 13, 5, 15, 12, 20, 8, 5, 1, 5, 12, 2, 12, 9, 7, 8, 16, 3, 20, 18, 11, 8, 2, 6, 20, 6, 2, 12, 14, 13, 23, 10, 5, 25, 11, 16, 18, 18, 22, 14, 7, 17, 14, 16, 24, 6, 8, 4, 4, 19, 14, 13, 25, 11, 13, 3, 18, 7, 14, 16, 19, 3, 15, 5, 6, 14, 3, 12, 2, 1, 15, 1, 9, 10, 4, 21, 2, 7, 7, 10, 13, 6, 5, 8, 2, 1, 5, 18, 3, 16, 19, 11, 13, 10, 13, 6, 3, 8, 20, 9, 1, 16, 16, 1, 11, 2, 15, 15, 12, 12, 2, 19, 8, 14, 16, 2, 32, 14, 2, 8, 14, 16, 11, 8, 16, 15, 18, 13, 7, 10, 17, 18, 11, 16, 10, 16, 21, 9, 10, 5, 20, 6, 14, 12, 19, 8, 15, 15, 22, 4, 20, 14, 8, 2, 13, 23, 9, 18, 10, 14, 9, 20, 13, 26, 5, 14, 2, 16, 18, 5, 15, 13, 11, 10, 6, 21, 8, 24, 27, 18, 9, 20, 27, 17, 17, 18, 21, 8, 2, 13, 5, 2, 8, 18, 19, 16, 20, 4, 10, 24, 5, 1, 7, 8, 5, 10, 6, 22, 15, 2, 1, 19, 19, 2, 7, 4, 26, 10, 13, 10, 11, 9, 11, 23, 17, 17, 4, 3, 7, 2, 18, 13, 10, 15, 20, 14, 13, 18, 9, 19, 6, 15, 9, 6, 3, 27, 1, 23, 6, 10, 3, 2, 13, 16, 17, 7, 3, 23, 14, 14, 19, 11, 4, 13, 23, 1, 11, 20, 12, 10, 29, 30, 12, 23, 7, 19, 13, 1, 4, 14, 11, 23, 9, 17, 12, 5, 13, 2, 6, 3, 18, 19, 3, 4, 22, 21, 25, 2, 7, 9, 12, 17, 12, 12, 13, 20, 11, 4, 13, 22, 14, 14, 13, 4, 16, 2, 17, 22, 21, 7, 3, 8, 4, 3, 25, 2, 3, 18, 3, 1, 7, 5, 7, 14, 2, 17, 7, 19, 6, 18, 19, 13, 17, 3, 8, 18, 15, 17, 12, 13, 15, 10, 13, 5, 15, 19, 8, 15, 7, 20, 2, 5, 15, 5, 10, 14, 16, 8, 13, 4, 6, 23, 25, 21, 21, 9, 20, 8, 16, 9, 2, 1, 16, 3, 8, 7, 10, 19, 5, 21, 5, 2, 10, 6, 15, 17, 15, 4, 17, 23, 32, 2, 9, 4, 6, 9, 13, 12, 12, 11, 16, 4, 8, 16, 14, 3, 5, 10, 14, 7, 16, 12, 15, 19, 9, 8, 3, 9, 6, 7, 4, 7, 18, 23, 11, 4, 5, 15, 15, 15, 16, 1, 7, 26, 20, 9, 7, 1, 5, 2, 18, 5, 6, 20, 10, 18, 2, 17, 12, 2, 11, 18, 2, 13, 29, 15, 23, 8, 8, 6, 5, 5, 5, 6, 8, 3, 8, 4, 22, 5]

Run 26
Start: 1516474652.16
Run 29
Start: 1516474424.27
End: 1516474770.62
Elapsed: 346.347747087
Scores: [1, 16, 1, 1, 8, 1, 18, 8, 16, 10, 19, 16, 13, 15, 14, 20, 13, 26, 8, 2, 20, 12, 12, 14, 7, 1, 10, 18, 23, 1, 13, 2, 9, 9, 11, 2, 6, 16, 14, 17, 1, 7, 1, 10, 19, 2, 1, 6, 15, 13, 6, 4, 14, 3, 1, 27, 28, 9, 6, 23, 11, 10, 2, 3, 9, 14, 1, 12, 6, 13, 9, 20, 18, 1, 10, 2, 7, 20, 16, 2, 11, 17, 20, 3, 3, 18, 15, 2, 2, 6, 7, 16, 15, 14, 14, 10, 8, 4, 3, 12, 21, 9, 4, 11, 13, 7, 8, 20, 3, 16, 16, 1, 14, 2, 19, 15, 5, 25, 2, 17, 6, 11, 1, 10, 22, 6, 19, 20, 15, 19, 3, 4, 12, 11, 11, 15, 15, 2, 20, 4, 15, 21, 14, 23, 2, 3, 1, 6, 20, 15, 8, 9, 11, 1, 8, 16, 5, 15, 14, 13, 16, 10, 9, 15, 2, 17, 7, 2, 17, 5, 25, 12, 19, 5, 16, 15, 4, 2, 18, 6, 9, 2, 15, 11, 15, 16, 14, 22, 1, 23, 12, 9, 18, 6, 8, 14, 5, 10, 8, 2, 10, 28, 10, 17, 18, 1, 7, 19, 14, 9, 21, 22, 18, 11, 14, 1, 16, 27, 10, 1, 15, 20, 1, 4, 19, 13, 1, 27, 11, 4, 10, 1, 18, 14, 4, 8, 14, 3, 14, 11, 20, 9, 14, 1, 15, 3, 14, 15, 6, 10, 8, 22, 9, 13, 10, 13, 2, 6, 20, 17, 16, 16, 16, 10, 15, 12, 9, 3, 17, 7, 20, 20, 9, 6, 1, 1, 6, 19, 20, 17, 7, 11, 4, 20, 15, 6, 20, 7, 5, 3, 7, 13, 16, 19, 11, 30, 18, 17, 2, 14, 5, 15, 3, 4, 18, 9, 19, 16, 17, 7, 4, 17, 2, 5, 5, 3, 4, 14, 17, 14, 16, 3, 16, 22, 19, 6, 25, 17, 5, 15, 5, 10, 14, 1, 15, 15, 21, 1, 4, 20, 3, 11, 10, 26, 20, 25, 18, 9, 4, 13, 4, 1, 1, 12, 24, 34, 21, 6, 2, 5, 3, 18, 5, 19, 25, 1, 10, 18, 1, 19, 21, 25, 12, 20, 16, 21, 3, 11, 23, 5, 14, 23, 5, 16, 4, 12, 18, 14, 17, 15, 25, 4, 3, 6, 18, 18, 5, 1, 3, 2, 14, 12, 21, 8, 14, 2, 2, 12, 4, 17, 16, 1, 3, 12, 4, 19, 3, 1, 12, 18, 17, 5, 5, 6, 6, 5, 9, 7, 22, 15, 18, 5, 14, 17, 16, 1, 22, 19, 11, 3, 16, 19, 24, 1, 8, 18, 16, 12, 17, 15, 15, 23, 20, 6, 15, 3, 19, 2, 8, 5, 8, 12, 23, 11, 17, 16, 6, 21, 1, 13, 8, 12, 2, 11, 6, 2, 1, 14, 7, 4, 23, 10, 13, 8, 26, 5, 17, 11, 4, 9, 12, 15, 24, 20, 15, 6, 16, 18, 14, 3]

