Run 0
Start: 1516472887.45
End: 1516472967.31
Elapsed: 79.8615598679
Scores: [12, 6, 0, 7, 5, 1, 12, 8, 3, 22, 0, 22, 2, 8, 16, 2, 22, 13, 19, 6, 23, 0, 12, 0, 17, 0, 8, 19, 2, 0, 15, 19, 0, 17, 16, 3, 11, 7, 4, 0, 1, 6, 0, 7, 7, 2, 13, 12, 11, 11, 12, 12, 4, 12, 7, 0, 13, 12, 11, 0, 0, 0, 3, 4, 7, 16, 0, 20, 14, 2, 7, 11, 13, 5, 3, 18, 10, 20, 3, 14, 2, 0, 0, 2, 7, 3, 8, 11, 9, 10, 10, 10, 4, 8, 9, 3, 4, 8, 14, 12, 12, 0, 17, 17, 0, 13, 6, 15, 11, 9, 13, 10, 18, 9, 9, 12, 4, 8, 24, 11, 3, 10, 13, 3, 8, 5, 1, 4, 0, 7, 11, 10, 10, 0, 19, 19, 11, 7, 4, 9, 1, 7, 10, 6, 3, 0, 25, 20, 8, 7, 7, 8, 1, 13, 16, 7, 0, 2, 20, 2, 5, 14, 5, 12, 5, 3, 5, 6, 10, 12, 5, 2, 11, 1, 10, 10, 4, 10, 16, 0, 0, 17, 7, 7, 12, 11, 7, 1, 0, 19, 8, 1, 24, 19, 6, 13, 5, 31, 8, 0, 8, 9, 8, 13, 23, 9, 24, 4, 7, 13, 7, 0, 3, 12, 5, 12, 15, 6, 13, 26, 2, 9, 0, 12, 0, 2, 4, 12, 11, 12, 18, 11, 8, 6, 10, 9, 10, 7, 20, 8, 1, 15, 12, 0, 4, 0, 16, 3, 7, 10, 16, 9, 17, 27, 1, 5, 7, 5, 19, 9, 14, 2, 3, 12, 5, 5, 20, 15, 2, 10, 1, 0, 6, 1, 6, 14, 9, 10, 8, 2, 10, 9, 13, 22, 16, 0, 6, 18, 9, 1, 0, 6, 14, 24, 11, 7, 0, 0, 10, 5, 17, 20, 14, 13, 9, 0, 2, 20, 5, 8, 3, 7, 6, 11, 17, 13, 18, 2, 7, 5, 21, 10, 19, 0, 0, 0, 0, 2, 13, 5, 13, 0, 5, 9, 10, 10, 9, 11, 7, 13, 8, 4, 0, 21, 8, 6, 10, 13, 6, 0, 0, 0, 12, 6, 0, 2, 15, 9, 7, 7, 8, 12, 27, 18, 1, 3, 7, 2, 9, 6, 11, 0, 6, 12, 7, 0, 18, 20, 4, 4, 12, 14, 8, 6, 8, 12, 4, 11, 6, 17, 3, 15, 0, 6, 0, 2, 11, 11, 12, 11, 11, 13, 3, 9, 9, 0, 2, 12, 8, 10, 17, 4, 3, 10, 2, 0, 3, 1, 8, 11, 25, 2, 9, 10, 2, 2, 10, 10, 10, 10, 14, 14, 6, 4, 14, 2, 10, 8, 13, 16, 6, 6, 6, 15, 10, 2, 9, 0, 12, 8, 15, 3, 14, 0, 7, 7, 13, 4, 9, 8, 24, 14, 28, 2, 17, 6, 0, 10, 2, 14, 18, 2, 16, 20, 12, 4, 9, 0, 6, 0, 18, 8, 9, 5, 9, 20, 6, 7, 17, 0, 10, 5, 13, 13, 10, 15, 14, 2, 16, 7]

Run 1
Start: 1516472968.04
End: 1516473079.12
Elapsed: 111.080289125
Scores: [7, 3, 10, 5, 10, 1, 7, 1, 1, 10, 5, 1, 4, 2, 7, 6, 4, 2, 3, 4, 7, 1, 11, 6, 6, 4, 9, 1, 3, 1, 3, 3, 2, 1, 3, 9, 4, 1, 4, 10, 5, 4, 7, 1, 2, 5, 8, 2, 7, 12, 5, 7, 4, 1, 4, 5, 7, 3, 5, 12, 1, 7, 5, 1, 4, 2, 3, 10, 4, 3, 1, 1, 6, 5, 4, 2, 9, 12, 2, 14, 5, 3, 5, 2, 1, 13, 3, 5, 3, 6, 3, 6, 3, 3, 9, 1, 8, 10, 6, 7, 9, 11, 7, 1, 1, 1, 4, 4, 3, 2, 5, 3, 14, 4, 2, 5, 1, 13, 6, 14, 1, 5, 2, 3, 2, 9, 1, 1, 8, 4, 2, 7, 5, 1, 1, 1, 5, 1, 17, 1, 6, 3, 2, 2, 7, 2, 6, 4, 1, 8, 6, 1, 1, 2, 6, 3, 10, 5, 1, 1, 7, 7, 11, 4, 2, 12, 2, 3, 14, 2, 9, 9, 1, 4, 11, 4, 1, 7, 5, 2, 7, 2, 6, 8, 11, 12, 6, 6, 4, 10, 6, 6, 3, 12, 3, 14, 6, 3, 1, 1, 5, 1, 3, 7, 5, 12, 11, 6, 2, 4, 4, 10, 5, 1, 2, 8, 1, 5, 11, 6, 2, 6, 13, 14, 1, 3, 4, 12, 5, 10, 4, 1, 1, 3, 1, 1, 13, 12, 7, 4, 15, 7, 9, 5, 5, 5, 3, 8, 4, 3, 5, 6, 4, 9, 1, 11, 6, 3, 3, 1, 14, 2, 4, 2, 5, 7, 1, 4, 3, 10, 1, 4, 2, 1, 3, 1, 6, 6, 5, 1, 5, 4, 1, 1, 16, 7, 1, 11, 1, 1, 12, 14, 5, 10, 4, 5, 6, 7, 7, 2, 2, 9, 4, 1, 5, 1, 4, 1, 7, 2, 3, 5, 1, 1, 1, 1, 11, 3, 8, 1, 4, 6, 4, 7, 16, 1, 2, 1, 4, 2, 10, 7, 4, 6, 3, 9, 1, 3, 1, 9, 6, 20, 3, 1, 1, 6, 2, 3, 6, 3, 10, 2, 7, 2, 1, 4, 1, 4, 1, 13, 2, 6, 3, 4, 4, 1, 3, 5, 4, 9, 4, 5, 1, 1, 6, 4, 6, 1, 1, 1, 2, 7, 8, 14, 4, 1, 4, 2, 1, 9, 1, 8, 2, 1, 5, 5, 6, 3, 4, 8, 9, 1, 7, 2, 1, 2, 6, 3, 3, 7, 2, 10, 6, 1, 6, 8, 13, 6, 2, 1, 1, 8, 9, 1, 2, 3, 6, 1, 4, 1, 5, 10, 8, 5, 14, 6, 5, 3, 4, 7, 5, 11, 4, 11, 14, 4, 3, 1, 5, 4, 2, 6, 4, 17, 7, 7, 9, 4, 8, 9, 14, 8, 5, 7, 1, 5, 1, 3, 6, 5, 1, 15, 1, 5, 1, 3, 7, 4, 1, 6, 1, 1, 12, 7, 8, 7, 8, 13, 2, 13, 2, 8, 2, 1, 1, 6, 3, 1, 8, 4]

Run 2
Start: 1516473080.1
End: 1516473124.56
Elapsed: 44.462179184
Scores: [3, 2, 3, 1, 4, 2, 11, 9, 9, 1, 5, 6, 2, 3, 5, 7, 4, 1, 7, 6, 5, 5, 4, 3, 1, 9, 5, 4, 2, 2, 7, 11, 1, 1, 8, 5, 2, 12, 2, 4, 9, 3, 4, 12, 7, 6, 3, 4, 2, 12, 6, 9, 4, 4, 1, 2, 11, 3, 1, 1, 1, 9, 4, 3, 14, 2, 2, 11, 3, 5, 2, 5, 2, 4, 2, 4, 6, 6, 2, 11, 4, 14, 4, 3, 1, 1, 5, 7, 2, 5, 7, 3, 4, 1, 7, 4, 6, 1, 7, 4, 8, 1, 2, 14, 3, 1, 4, 3, 6, 2, 1, 12, 8, 2, 3, 6, 7, 3, 5, 4, 8, 1, 3, 7, 10, 4, 5, 1, 4, 1, 5, 3, 1, 3, 3, 8, 1, 5, 9, 5, 12, 2, 3, 3, 12, 1, 6, 3, 3, 4, 7, 2, 1, 1, 3, 1, 4, 3, 6, 7, 4, 8, 3, 5, 6, 6, 1, 9, 5, 9, 17, 8, 3, 8, 19, 12, 1, 5, 2, 3, 4, 9, 1, 5, 7, 12, 18, 4, 5, 10, 4, 5, 2, 3, 2, 3, 4, 5, 6, 3, 5, 7, 6, 4, 2, 6, 7, 6, 4, 2, 6, 7, 2, 5, 2, 1, 2, 6, 2, 7, 4, 1, 12, 5, 1, 1, 15, 7, 4, 6, 4, 2, 5, 4, 1, 2, 11, 5, 12, 7, 2, 10, 4, 4, 4, 3, 2, 2, 3, 2, 6, 2, 2, 4, 6, 15, 6, 1, 1, 5, 3, 6, 1, 10, 2, 2, 8, 2, 2, 7, 8, 3, 10, 1, 4, 20, 1, 7, 3, 10, 8, 1, 1, 5, 10, 1, 9, 1, 2, 3, 5, 1, 4, 5, 5, 7, 10, 6, 3, 7, 4, 5, 1, 21, 1, 1, 1, 2, 1, 4, 1, 8, 2, 8, 7, 4, 4, 1, 1, 5, 4, 3, 1, 8, 1, 3, 4, 3, 1, 18, 6, 5, 1, 3, 5, 9, 7, 7, 10, 2, 12, 3, 1, 5, 2, 1, 2, 2, 1, 7, 2, 18, 1, 9, 7, 6, 5, 9, 1, 13, 5, 2, 1, 1, 2, 13, 10, 5, 5, 1, 6, 10, 5, 10, 7, 2, 1, 5, 5, 1, 5, 1, 10, 7, 1, 9, 4, 3, 5, 10, 5, 1, 2, 1, 2, 3, 5, 2, 2, 6, 2, 7, 5, 5, 3, 4, 7, 18, 6, 11, 2, 10, 11, 4, 1, 1, 6, 2, 6, 3, 5, 7, 3, 3, 5, 2, 6, 8, 5, 3, 4, 4, 2, 7, 4, 5, 10, 1, 6, 5, 7, 8, 1, 9, 2, 2, 5, 14, 7, 3, 3, 4, 8, 3, 4, 3, 3, 7, 5, 5, 2, 9, 3, 4, 5, 8, 1, 9, 2, 14, 12, 9, 2, 5, 1, 6, 12, 3, 7, 1, 1, 1, 5, 2, 4, 7, 1, 2, 7, 1, 4, 5, 4, 1, 2, 1, 9, 9, 4, 6]

Run 3
Start: 1516473125.03
End: 1516473173.06
Elapsed: 48.029779911
Scores: [1, 3, 4, 2, 5, 1, 8, 4, 1, 4, 7, 6, 3, 5, 6, 6, 2, 2, 13, 12, 1, 2, 1, 5, 2, 1, 2, 4, 7, 19, 5, 1, 5, 11, 1, 5, 2, 14, 6, 2, 1, 3, 4, 9, 11, 4, 2, 3, 2, 5, 2, 1, 2, 3, 9, 11, 10, 2, 2, 8, 3, 3, 1, 4, 13, 6, 1, 9, 2, 12, 10, 8, 8, 2, 5, 4, 8, 8, 1, 5, 4, 8, 4, 6, 1, 3, 1, 9, 18, 1, 7, 9, 9, 8, 2, 1, 15, 3, 7, 2, 1, 1, 3, 6, 1, 6, 2, 1, 3, 1, 1, 1, 2, 11, 8, 1, 2, 1, 5, 4, 2, 2, 10, 12, 3, 1, 10, 1, 3, 2, 6, 3, 5, 2, 1, 2, 3, 5, 6, 9, 2, 5, 2, 8, 6, 6, 1, 7, 15, 1, 6, 4, 6, 6, 5, 3, 1, 5, 2, 7, 1, 9, 4, 3, 3, 1, 7, 1, 6, 2, 6, 3, 1, 7, 9, 10, 10, 3, 11, 2, 3, 7, 9, 3, 6, 6, 1, 10, 5, 3, 8, 5, 6, 4, 1, 7, 2, 2, 3, 4, 2, 2, 6, 8, 7, 15, 5, 5, 3, 2, 8, 4, 2, 2, 6, 11, 9, 2, 6, 7, 1, 7, 6, 5, 10, 11, 1, 10, 7, 1, 2, 1, 12, 1, 1, 2, 6, 9, 5, 6, 3, 6, 1, 1, 12, 1, 10, 16, 4, 9, 4, 7, 5, 3, 6, 8, 4, 7, 2, 5, 3, 2, 1, 5, 2, 2, 1, 1, 6, 1, 3, 3, 10, 7, 7, 8, 13, 1, 3, 2, 5, 5, 9, 4, 4, 10, 6, 4, 1, 3, 2, 6, 7, 8, 1, 2, 1, 12, 9, 3, 5, 10, 6, 10, 8, 5, 4, 4, 5, 2, 7, 2, 7, 1, 5, 4, 8, 7, 3, 1, 3, 7, 4, 4, 4, 2, 9, 12, 1, 5, 15, 1, 11, 4, 8, 2, 4, 9, 10, 1, 5, 4, 11, 14, 14, 5, 8, 6, 6, 3, 6, 2, 8, 6, 11, 6, 3, 7, 8, 1, 8, 6, 8, 10, 1, 5, 2, 5, 6, 8, 4, 5, 4, 1, 10, 10, 6, 3, 2, 3, 6, 3, 11, 10, 2, 1, 10, 4, 3, 4, 5, 1, 6, 5, 10, 5, 1, 10, 2, 3, 1, 17, 12, 6, 2, 11, 3, 1, 2, 1, 6, 3, 1, 5, 6, 3, 8, 10, 4, 1, 5, 3, 9, 2, 2, 10, 1, 10, 5, 4, 13, 4, 1, 4, 4, 4, 20, 3, 9, 1, 15, 9, 2, 1, 5, 7, 11, 2, 14, 11, 3, 5, 6, 6, 1, 21, 12, 2, 1, 5, 5, 11, 7, 2, 5, 5, 8, 3, 4, 4, 19, 3, 11, 3, 7, 9, 8, 7, 2, 7, 3, 14, 2, 1, 3, 8, 1, 7, 3, 9, 6, 2, 2, 7, 2, 3, 6, 4, 2, 2]

Run 4
Start: 1516473173.37
End: 1516473251.73
Elapsed: 78.3560070992
Scores: [3, 20, 20, 12, 1, 26, 23, 22, 16, 19, 16, 17, 8, 19, 19, 1, 3, 17, 23, 2, 10, 20, 23, 5, 22, 18, 20, 23, 1, 18, 15, 13, 9, 10, 0, 24, 2, 12, 26, 14, 5, 12, 6, 11, 1, 8, 12, 6, 17, 2, 1, 13, 20, 5, 15, 16, 2, 3, 5, 18, 15, 17, 19, 21, 0, 6, 4, 5, 14, 24, 10, 17, 10, 1, 24, 0, 1, 5, 21, 18, 0, 12, 11, 6, 16, 5, 7, 18, 2, 1, 21, 16, 13, 0, 1, 0, 14, 7, 3, 24, 1, 20, 17, 17, 17, 10, 23, 15, 16, 21, 8, 0, 6, 2, 24, 20, 21, 8, 0, 12, 17, 3, 3, 0, 3, 10, 9, 14, 12, 0, 1, 20, 2, 5, 2, 0, 12, 16, 7, 0, 2, 0, 6, 17, 6, 18, 20, 18, 4, 18, 11, 13, 2, 16, 19, 8, 0, 0, 4, 7, 7, 5, 14, 5, 5, 4, 1, 20, 21, 21, 16, 22, 17, 2, 17, 19, 6, 19, 19, 0, 16, 1, 2, 18, 18, 6, 21, 16, 6, 11, 23, 14, 6, 19, 16, 0, 21, 4, 15, 0, 21, 0, 14, 13, 6, 3, 17, 16, 19, 19, 21, 0, 18, 3, 1, 0, 4, 16, 6, 17, 15, 19, 18, 17, 11, 12, 4, 1, 13, 22, 19, 0, 12, 22, 10, 0, 19, 9, 7, 6, 4, 20, 11, 9, 15, 11, 4, 13, 0, 0, 25, 3, 18, 18, 21, 3, 22, 6, 14, 15, 16, 19, 12, 10, 2, 0, 19, 10, 16, 10, 14, 15, 17, 8, 5, 2, 22, 24, 14, 1, 22, 0, 17, 2, 1, 10, 3, 19, 20, 34, 28, 13, 19, 2, 5, 28, 19, 0, 8, 3, 20, 10, 13, 13, 15, 29, 5, 16, 24, 9, 16, 9, 11, 0, 19, 13, 6, 14, 0, 0, 0, 15, 12, 5, 8, 2, 11, 13, 19, 7, 7, 14, 15, 17, 4, 15, 14, 13, 11, 16, 19, 12, 3, 0, 18, 1, 8, 6, 10, 1, 21, 0, 5, 0, 18, 6, 17, 13, 16, 4, 18, 5, 0, 15, 18, 6, 13, 0, 9, 1, 22, 15, 0, 16, 7, 2, 19, 2, 17, 18, 2, 18, 3, 2, 22, 12, 23, 6, 3, 3, 5, 0, 15, 15, 21, 22, 6, 14, 19, 11, 13, 21, 3, 14, 21, 15, 0, 16, 5, 5, 14, 22, 24, 18, 14, 17, 6, 17, 1, 4, 20, 21, 19, 2, 24, 21, 15, 0, 19, 2, 23, 17, 0, 19, 16, 6, 23, 21, 0, 14, 13, 7, 18, 10, 18, 22, 13, 5, 17, 10, 28, 22, 21, 19, 19, 17, 0, 9, 16, 14, 21, 6, 2, 23, 6, 4, 15, 21, 17, 18, 10, 21, 19, 20, 17, 7, 6, 0, 7, 19, 6, 12, 15, 5, 16, 24, 14, 0, 15, 18, 21, 21, 0, 10, 17, 13, 15, 21, 0, 0]

Run 5
Start: 1516473253.03
End: 1516473314.91
Elapsed: 61.8809220791
Scores: [3, 4, 11, 5, 7, 5, 0, 4, 9, 4, 12, 1, 3, 1, 3, 1, 6, 2, 4, 2, 6, 15, 2, 12, 1, 1, 1, 1, 1, 7, 5, 2, 0, 8, 6, 1, 1, 2, 1, 1, 4, 2, 18, 12, 8, 2, 9, 8, 1, 11, 1, 8, 1, 5, 1, 13, 4, 4, 4, 11, 9, 7, 8, 1, 2, 4, 2, 1, 8, 6, 6, 1, 3, 1, 5, 3, 4, 1, 6, 8, 1, 3, 5, 1, 3, 11, 1, 11, 6, 10, 5, 10, 3, 2, 17, 6, 2, 1, 2, 6, 3, 5, 1, 6, 2, 6, 14, 16, 3, 3, 5, 1, 4, 3, 1, 6, 12, 7, 5, 1, 19, 1, 4, 7, 4, 1, 5, 1, 1, 1, 1, 1, 8, 8, 2, 2, 8, 2, 3, 19, 20, 13, 3, 1, 3, 9, 8, 5, 1, 2, 4, 3, 3, 2, 1, 1, 7, 8, 1, 7, 4, 2, 4, 6, 17, 3, 9, 1, 1, 9, 2, 1, 10, 3, 2, 15, 9, 3, 6, 4, 3, 3, 1, 2, 1, 5, 1, 2, 2, 1, 15, 1, 6, 4, 7, 5, 3, 6, 5, 15, 3, 8, 3, 1, 5, 5, 1, 1, 5, 3, 25, 14, 8, 12, 1, 2, 6, 4, 16, 6, 4, 4, 1, 1, 1, 7, 1, 9, 10, 10, 2, 4, 8, 1, 5, 7, 7, 7, 7, 8, 11, 1, 2, 7, 16, 7, 2, 1, 3, 2, 7, 6, 4, 17, 0, 1, 1, 12, 1, 1, 4, 4, 2, 2, 3, 0, 1, 19, 1, 8, 1, 10, 4, 10, 2, 10, 3, 8, 6, 3, 1, 3, 1, 2, 4, 11, 1, 2, 10, 2, 7, 3, 6, 2, 4, 3, 2, 1, 1, 5, 1, 17, 1, 1, 3, 5, 11, 3, 3, 5, 1, 2, 6, 4, 1, 10, 2, 7, 5, 1, 6, 1, 3, 7, 3, 5, 3, 3, 1, 1, 10, 3, 1, 5, 1, 1, 8, 1, 13, 4, 1, 3, 3, 1, 1, 8, 2, 2, 14, 5, 1, 1, 4, 13, 3, 13, 10, 1, 3, 7, 5, 5, 5, 8, 16, 2, 1, 2, 4, 8, 1, 5, 3, 4, 1, 5, 8, 1, 12, 1, 7, 3, 3, 3, 1, 2, 3, 4, 1, 10, 7, 4, 6, 5, 4, 7, 9, 1, 14, 10, 13, 1, 2, 3, 1, 3, 1, 1, 1, 2, 1, 4, 2, 6, 4, 2, 7, 5, 10, 1, 2, 5, 1, 2, 1, 5, 11, 7, 5, 1, 2, 5, 1, 4, 11, 1, 2, 3, 5, 1, 6, 3, 1, 9, 10, 6, 1, 5, 3, 6, 9, 1, 3, 1, 5, 8, 2, 6, 11, 2, 4, 2, 1, 7, 11, 2, 3, 1, 1, 6, 8, 4, 1, 4, 2, 3, 5, 1, 5, 2, 8, 12, 1, 5, 1, 3, 1, 6, 6, 1, 2, 3, 1, 1, 3, 5, 1, 1, 10, 1]

Run 6
Start: 1516473315.44
End: 1516473379.98
Elapsed: 64.5345709324
Scores: [12, 2, 6, 4, 5, 2, 8, 2, 1, 5, 7, 7, 1, 0, 2, 1, 6, 4, 2, 4, 7, 1, 1, 0, 8, 1, 1, 2, 6, 2, 0, 2, 1, 6, 3, 0, 6, 6, 1, 5, 2, 2, 3, 4, 5, 5, 10, 1, 13, 14, 0, 7, 4, 2, 1, 0, 14, 1, 7, 1, 3, 7, 1, 0, 5, 3, 3, 3, 1, 3, 0, 1, 0, 4, 3, 3, 4, 5, 1, 8, 4, 7, 2, 2, 8, 7, 0, 1, 1, 3, 10, 1, 6, 5, 2, 8, 3, 3, 1, 7, 8, 0, 6, 5, 12, 1, 0, 4, 9, 11, 2, 3, 1, 0, 5, 0, 2, 1, 9, 2, 3, 7, 1, 1, 0, 3, 0, 3, 8, 2, 7, 2, 8, 9, 0, 0, 3, 0, 5, 4, 8, 0, 12, 1, 3, 2, 1, 7, 3, 9, 1, 4, 9, 5, 1, 7, 5, 4, 10, 4, 11, 5, 6, 1, 7, 1, 10, 3, 0, 13, 2, 8, 2, 4, 3, 1, 2, 4, 7, 0, 1, 0, 4, 1, 5, 13, 0, 1, 0, 2, 3, 4, 1, 0, 3, 2, 3, 3, 0, 8, 2, 3, 1, 1, 3, 3, 8, 1, 3, 0, 5, 3, 0, 0, 3, 8, 0, 4, 6, 1, 1, 3, 0, 0, 6, 1, 0, 6, 3, 4, 1, 2, 7, 2, 1, 4, 2, 5, 2, 5, 4, 1, 3, 2, 4, 3, 1, 3, 6, 2, 2, 2, 4, 0, 2, 2, 2, 3, 5, 1, 4, 1, 2, 8, 1, 3, 11, 4, 5, 3, 11, 0, 5, 1, 3, 0, 5, 3, 9, 1, 0, 1, 1, 11, 0, 6, 1, 3, 1, 8, 1, 1, 6, 1, 2, 8, 2, 15, 0, 0, 3, 12, 5, 0, 2, 7, 3, 5, 6, 0, 2, 2, 3, 3, 6, 2, 0, 3, 6, 3, 4, 1, 4, 3, 7, 2, 2, 0, 2, 9, 1, 5, 3, 5, 3, 6, 0, 2, 1, 2, 4, 1, 2, 14, 5, 3, 6, 6, 1, 14, 1, 2, 0, 3, 8, 2, 10, 9, 4, 3, 2, 1, 4, 6, 2, 1, 3, 1, 5, 6, 3, 6, 3, 2, 4, 9, 1, 4, 2, 1, 4, 14, 3, 1, 4, 0, 6, 6, 0, 3, 3, 1, 7, 6, 2, 7, 4, 1, 1, 2, 2, 2, 2, 0, 0, 8, 5, 2, 1, 0, 5, 6, 3, 5, 1, 1, 2, 6, 1, 8, 5, 8, 0, 1, 12, 3, 1, 14, 6, 5, 11, 7, 6, 2, 0, 1, 4, 1, 2, 6, 2, 10, 7, 4, 5, 1, 15, 8, 3, 1, 1, 1, 9, 2, 3, 6, 1, 4, 1, 4, 5, 7, 1, 0, 0, 4, 1, 4, 4, 14, 1, 4, 3, 9, 1, 2, 0, 0, 9, 4, 4, 4, 1, 5, 7, 1, 1, 1, 9, 1, 7, 5, 2, 3, 0, 4, 0, 9, 6, 1]

Run 7
Start: 1516473380.51
End: 1516473432.67
Elapsed: 52.1537089348
Scores: [13, 1, 2, 6, 13, 7, 25, 7, 9, 1, 2, 1, 18, 7, 8, 6, 9, 9, 10, 1, 6, 1, 13, 5, 12, 5, 8, 15, 4, 6, 19, 1, 1, 16, 8, 2, 21, 4, 6, 3, 1, 2, 8, 8, 7, 7, 11, 1, 3, 16, 3, 13, 4, 14, 1, 10, 4, 10, 6, 11, 3, 5, 1, 13, 10, 6, 2, 1, 7, 6, 5, 4, 2, 4, 6, 6, 1, 1, 8, 8, 3, 4, 9, 6, 9, 11, 7, 3, 18, 2, 8, 2, 3, 4, 9, 5, 3, 17, 1, 16, 8, 10, 2, 7, 4, 1, 6, 9, 10, 12, 12, 1, 10, 9, 1, 8, 3, 3, 6, 10, 9, 7, 9, 1, 10, 11, 10, 3, 1, 10, 1, 4, 4, 20, 1, 1, 7, 3, 3, 3, 8, 7, 1, 9, 11, 3, 6, 8, 20, 21, 13, 7, 1, 16, 8, 6, 13, 6, 17, 6, 1, 6, 4, 2, 6, 15, 1, 13, 18, 8, 9, 10, 8, 1, 5, 1, 1, 7, 2, 9, 1, 1, 9, 8, 5, 4, 11, 3, 7, 4, 3, 1, 6, 7, 6, 17, 2, 1, 1, 12, 6, 1, 11, 15, 7, 1, 15, 16, 4, 1, 12, 4, 15, 5, 2, 7, 3, 11, 13, 2, 6, 2, 7, 5, 5, 7, 1, 2, 5, 1, 5, 1, 8, 5, 6, 12, 3, 7, 14, 15, 9, 12, 13, 4, 8, 11, 5, 2, 7, 1, 5, 9, 13, 6, 4, 5, 10, 12, 1, 3, 3, 8, 1, 13, 2, 4, 11, 2, 1, 22, 3, 7, 5, 1, 15, 3, 9, 9, 14, 6, 8, 1, 2, 5, 11, 7, 4, 13, 11, 9, 7, 6, 2, 5, 1, 9, 1, 11, 12, 5, 1, 3, 5, 1, 21, 6, 1, 11, 1, 4, 7, 1, 9, 12, 3, 9, 12, 4, 10, 4, 1, 5, 3, 1, 4, 3, 1, 8, 11, 14, 4, 7, 17, 6, 13, 2, 7, 7, 2, 4, 9, 15, 1, 7, 8, 4, 7, 4, 1, 8, 10, 10, 6, 15, 6, 7, 6, 9, 2, 3, 6, 4, 9, 1, 12, 2, 5, 7, 13, 4, 2, 7, 12, 19, 15, 3, 3, 1, 1, 5, 15, 10, 16, 18, 13, 4, 7, 18, 4, 7, 7, 6, 1, 1, 1, 15, 3, 7, 9, 3, 1, 15, 1, 1, 1, 1, 3, 2, 3, 3, 18, 1, 7, 1, 3, 2, 3, 2, 11, 9, 4, 10, 13, 9, 2, 9, 2, 11, 1, 15, 5, 1, 12, 4, 5, 2, 14, 13, 13, 2, 3, 6, 19, 7, 1, 1, 14, 9, 1, 9, 6, 16, 8, 19, 6, 1, 5, 8, 7, 9, 3, 4, 14, 3, 1, 5, 3, 13, 1, 13, 14, 18, 7, 9, 11, 5, 10, 11, 11, 3, 16, 5, 6, 17, 4, 1, 3, 4, 13, 9, 1, 1, 12, 3, 7, 5, 8, 14, 2, 5]

Run 8
Start: 1516473433.16
End: 1516473482.88
Elapsed: 49.7179720402
Scores: [9, 9, 3, 7, 5, 11, 11, 14, 9, 13, 9, 22, 17, 11, 14, 4, 3, 12, 2, 8, 14, 9, 9, 1, 2, 13, 5, 10, 1, 1, 12, 9, 12, 12, 13, 14, 10, 11, 16, 17, 3, 12, 8, 6, 12, 5, 14, 16, 3, 12, 2, 2, 3, 7, 1, 11, 16, 16, 6, 6, 10, 8, 22, 11, 14, 13, 4, 2, 8, 4, 9, 12, 22, 10, 4, 9, 1, 11, 4, 4, 7, 3, 9, 21, 14, 1, 7, 2, 16, 3, 1, 16, 16, 9, 1, 8, 11, 11, 14, 10, 6, 10, 19, 9, 15, 17, 12, 2, 2, 9, 26, 1, 8, 4, 8, 18, 5, 1, 8, 3, 4, 8, 5, 4, 5, 8, 8, 12, 11, 5, 2, 14, 8, 2, 5, 2, 9, 9, 3, 8, 10, 7, 8, 10, 11, 6, 3, 15, 2, 1, 6, 2, 2, 5, 4, 5, 13, 4, 1, 6, 7, 4, 5, 8, 8, 1, 4, 1, 14, 9, 4, 11, 3, 5, 4, 22, 15, 22, 4, 9, 4, 11, 4, 4, 4, 11, 14, 2, 7, 13, 13, 5, 10, 6, 4, 2, 4, 6, 11, 3, 5, 12, 9, 7, 5, 1, 13, 1, 6, 4, 1, 6, 8, 13, 2, 8, 5, 3, 4, 3, 8, 7, 12, 12, 22, 3, 8, 5, 2, 7, 9, 3, 5, 4, 5, 4, 1, 13, 5, 3, 4, 10, 1, 5, 19, 2, 1, 14, 21, 11, 9, 23, 2, 6, 13, 8, 5, 20, 4, 2, 9, 1, 10, 10, 5, 6, 11, 4, 4, 7, 14, 4, 1, 6, 10, 9, 13, 5, 11, 3, 5, 4, 17, 5, 9, 5, 11, 8, 6, 11, 4, 2, 21, 12, 12, 3, 2, 12, 10, 7, 4, 9, 10, 4, 6, 4, 9, 2, 5, 3, 9, 7, 8, 6, 15, 9, 10, 14, 2, 2, 3, 8, 11, 3, 3, 2, 2, 1, 1, 14, 2, 11, 7, 9, 19, 3, 6, 22, 3, 5, 3, 11, 6, 10, 4, 6, 6, 7, 6, 10, 18, 4, 8, 12, 2, 12, 7, 10, 5, 5, 6, 10, 5, 6, 6, 13, 12, 2, 13, 11, 13, 10, 11, 6, 20, 10, 18, 12, 17, 1, 10, 2, 11, 20, 13, 4, 1, 7, 3, 3, 13, 1, 10, 3, 5, 1, 1, 5, 10, 10, 1, 3, 4, 11, 3, 8, 4, 7, 6, 5, 2, 2, 9, 19, 6, 4, 18, 11, 3, 11, 8, 9, 13, 5, 21, 4, 8, 4, 10, 2, 12, 5, 1, 13, 9, 6, 11, 4, 16, 7, 9, 3, 14, 3, 4, 14, 7, 1, 9, 5, 16, 13, 16, 9, 5, 2, 1, 6, 3, 14, 14, 9, 10, 21, 17, 18, 6, 4, 12, 8, 9, 2, 5, 3, 15, 8, 14, 8, 3, 3, 5, 2, 13, 16, 4, 5, 5, 9, 1, 16, 13, 2, 9, 11, 24, 8, 14, 2, 15, 8]

Run 9
Start: 1516473483.44
End: 1516473535.58
Elapsed: 52.1337809563
Scores: [16, 5, 7, 11, 4, 6, 1, 3, 8, 3, 6, 2, 11, 1, 7, 6, 11, 6, 3, 3, 1, 11, 1, 6, 2, 13, 1, 2, 11, 7, 1, 3, 8, 19, 7, 10, 4, 4, 7, 3, 2, 5, 7, 1, 10, 8, 3, 1, 4, 3, 5, 1, 17, 4, 4, 4, 1, 2, 5, 6, 8, 1, 1, 1, 3, 4, 6, 2, 2, 3, 2, 3, 9, 3, 1, 9, 8, 1, 5, 1, 5, 2, 6, 4, 4, 7, 7, 1, 2, 1, 7, 11, 4, 6, 5, 1, 2, 7, 4, 1, 7, 4, 1, 2, 6, 4, 7, 1, 8, 3, 4, 4, 3, 3, 6, 6, 2, 2, 2, 7, 8, 3, 8, 12, 6, 1, 2, 1, 1, 2, 1, 2, 3, 6, 2, 1, 1, 17, 3, 4, 3, 1, 6, 4, 2, 6, 4, 3, 2, 5, 1, 2, 10, 3, 10, 11, 2, 1, 7, 2, 1, 11, 8, 7, 6, 9, 10, 1, 4, 1, 11, 3, 4, 2, 3, 12, 1, 3, 2, 13, 6, 1, 10, 2, 5, 2, 2, 8, 6, 6, 5, 3, 7, 5, 6, 1, 3, 7, 5, 1, 1, 1, 1, 1, 6, 6, 4, 11, 6, 2, 6, 1, 8, 10, 4, 3, 7, 9, 2, 1, 1, 4, 3, 2, 1, 6, 3, 12, 14, 1, 2, 3, 1, 1, 4, 3, 3, 10, 5, 4, 4, 5, 1, 1, 1, 4, 2, 6, 9, 8, 5, 2, 3, 2, 1, 6, 1, 6, 4, 1, 2, 5, 2, 3, 4, 3, 2, 5, 9, 1, 6, 3, 1, 11, 8, 6, 8, 1, 4, 1, 7, 2, 1, 6, 7, 2, 2, 13, 1, 2, 7, 2, 3, 7, 1, 3, 2, 4, 1, 2, 4, 6, 9, 3, 2, 2, 7, 4, 5, 2, 1, 5, 1, 3, 6, 1, 1, 2, 5, 7, 5, 9, 2, 4, 5, 2, 2, 1, 2, 2, 2, 1, 8, 2, 18, 3, 4, 1, 4, 4, 9, 3, 9, 5, 6, 11, 1, 2, 3, 2, 4, 2, 2, 4, 2, 5, 4, 2, 12, 5, 6, 3, 1, 2, 3, 1, 1, 1, 9, 1, 3, 15, 2, 3, 5, 1, 10, 1, 9, 6, 5, 6, 2, 6, 13, 2, 11, 11, 8, 6, 2, 4, 8, 3, 5, 4, 7, 5, 6, 1, 2, 1, 7, 1, 10, 2, 1, 5, 4, 9, 1, 2, 11, 1, 16, 12, 1, 1, 4, 8, 3, 5, 7, 6, 6, 2, 4, 2, 11, 3, 6, 4, 5, 1, 2, 3, 5, 8, 2, 5, 9, 11, 4, 9, 4, 8, 6, 6, 5, 9, 2, 2, 6, 9, 8, 4, 7, 3, 5, 3, 3, 2, 10, 1, 3, 1, 2, 7, 2, 8, 1, 4, 6, 5, 3, 5, 2, 10, 2, 1, 4, 3, 7, 5, 3, 4, 6, 3, 3, 5, 4, 2, 5, 7, 1, 1, 5, 2, 1, 1]

Run 10
Start: 1516473536.14
End: 1516473639.39
Elapsed: 103.244464874
Scores: [20, 8, 4, 19, 30, 23, 19, 7, 25, 25, 29, 6, 24, 11, 28, 33, 31, 2, 29, 23, 44, 23, 14, 34, 28, 17, 34, 25, 31, 30, 31, 8, 15, 21, 6, 31, 27, 23, 15, 2, 29, 33, 2, 19, 30, 28, 25, 30, 18, 6, 3, 6, 19, 30, 35, 35, 24, 22, 30, 28, 20, 24, 33, 6, 19, 28, 16, 25, 5, 10, 19, 29, 20, 30, 5, 12, 28, 19, 38, 15, 33, 4, 26, 40, 22, 22, 15, 9, 14, 10, 18, 34, 6, 25, 4, 2, 30, 28, 30, 21, 10, 18, 24, 18, 11, 19, 5, 21, 19, 14, 28, 22, 29, 5, 30, 4, 16, 34, 27, 20, 7, 24, 6, 33, 11, 12, 13, 16, 10, 23, 40, 4, 30, 30, 19, 24, 26, 7, 19, 21, 8, 12, 28, 27, 27, 32, 22, 5, 17, 23, 25, 7, 21, 10, 25, 41, 15, 38, 31, 38, 11, 33, 19, 24, 33, 31, 12, 3, 16, 26, 25, 30, 30, 19, 20, 28, 10, 8, 5, 26, 11, 26, 25, 29, 10, 27, 16, 5, 21, 26, 7, 23, 20, 22, 25, 3, 9, 24, 34, 21, 23, 36, 29, 18, 12, 17, 10, 33, 26, 10, 25, 31, 28, 28, 31, 17, 30, 5, 18, 37, 13, 25, 25, 33, 31, 3, 22, 35, 27, 30, 27, 29, 16, 7, 18, 26, 14, 27, 34, 23, 9, 12, 13, 27, 6, 26, 10, 9, 34, 26, 34, 22, 27, 21, 23, 36, 16, 27, 22, 5, 28, 23, 39, 24, 4, 17, 32, 36, 6, 14, 30, 18, 15, 18, 26, 11, 10, 30, 20, 40, 18, 22, 15, 13, 15, 27, 7, 25, 17, 33, 14, 29, 29, 31, 10, 18, 18, 32, 30, 28, 23, 18, 27, 22, 23, 29, 27, 11, 31, 11, 15, 20, 7, 20, 20, 19, 2, 23, 30, 24, 11, 17, 9, 26, 35, 16, 28, 16, 26, 20, 18, 41, 30, 2, 9, 10, 5, 32, 28, 24, 18, 17, 25, 35, 21, 25, 36, 21, 16, 17, 11, 33, 22, 17, 14, 14, 31, 10, 7, 30, 17, 10, 32, 34, 6, 23, 31, 33, 7, 14, 29, 7, 26, 40, 29, 8, 30, 18, 24, 20, 34, 23, 33, 8, 29, 24, 15, 22, 23, 25, 10, 21, 8, 10, 34, 25, 31, 19, 20, 31, 31, 23, 16, 29, 16, 33, 23, 18, 27, 16, 3, 25, 29, 8, 9, 5, 6, 35, 22, 30, 15, 7, 36, 4, 3, 18, 24, 13, 18, 16, 28, 33, 3, 36, 9, 9, 21, 6, 24, 37, 25, 28, 15, 14, 22, 30, 27, 10, 9, 17, 5, 24, 22, 33, 16, 17, 5, 36, 26, 15, 24, 8, 35, 34, 17, 32, 3, 7, 18, 5, 28, 17, 16, 25, 25, 14, 19, 27, 20, 15, 31, 18, 8, 18, 36, 16, 23, 30, 33, 22, 9, 27, 24, 31, 28, 34, 30, 22, 22, 12]

Run 11
Start: 1516473641.14
End: 1516473748.32
Elapsed: 107.182703018
Scores: [10, 15, 1, 13, 13, 16, 10, 6, 4, 14, 6, 18, 7, 16, 12, 9, 9, 3, 6, 7, 7, 12, 9, 13, 23, 6, 13, 9, 22, 2, 9, 15, 11, 11, 4, 14, 1, 14, 16, 7, 10, 7, 1, 12, 1, 2, 1, 9, 7, 8, 13, 14, 2, 15, 1, 18, 16, 9, 13, 13, 13, 14, 2, 7, 8, 10, 21, 7, 6, 1, 4, 13, 6, 2, 11, 14, 9, 16, 4, 13, 20, 14, 14, 13, 9, 13, 20, 9, 15, 12, 11, 7, 11, 9, 22, 16, 12, 17, 11, 9, 12, 18, 1, 8, 17, 4, 3, 5, 8, 17, 11, 11, 7, 16, 13, 16, 1, 8, 15, 18, 14, 20, 12, 20, 9, 11, 1, 20, 9, 12, 16, 13, 5, 13, 16, 8, 4, 14, 1, 15, 15, 4, 3, 15, 6, 2, 16, 11, 13, 1, 8, 13, 19, 7, 8, 4, 12, 19, 12, 1, 6, 7, 7, 13, 6, 6, 11, 10, 22, 7, 11, 12, 16, 14, 16, 6, 3, 21, 11, 10, 5, 7, 9, 5, 6, 2, 7, 1, 12, 14, 11, 10, 13, 8, 14, 1, 18, 5, 4, 4, 14, 4, 13, 16, 6, 13, 9, 12, 14, 6, 15, 7, 3, 9, 14, 20, 13, 11, 16, 5, 11, 9, 1, 10, 16, 16, 5, 1, 3, 1, 14, 10, 5, 18, 8, 6, 13, 9, 3, 11, 8, 13, 17, 9, 8, 4, 7, 13, 5, 4, 7, 4, 14, 2, 10, 9, 5, 14, 6, 1, 14, 13, 25, 11, 5, 11, 11, 7, 13, 8, 10, 9, 6, 20, 12, 9, 18, 7, 11, 1, 1, 14, 8, 7, 11, 3, 4, 2, 12, 6, 1, 18, 4, 7, 10, 4, 9, 17, 14, 16, 13, 16, 2, 1, 10, 14, 9, 9, 10, 9, 23, 6, 11, 16, 10, 6, 12, 13, 9, 8, 12, 19, 11, 21, 8, 12, 1, 18, 13, 11, 11, 12, 11, 11, 11, 7, 12, 7, 9, 15, 7, 9, 14, 10, 18, 12, 12, 6, 3, 21, 9, 15, 9, 16, 1, 15, 11, 1, 10, 10, 7, 11, 7, 8, 14, 2, 6, 1, 12, 3, 9, 9, 8, 18, 1, 8, 10, 4, 10, 5, 16, 13, 5, 13, 8, 1, 5, 6, 2, 7, 9, 5, 17, 14, 6, 11, 19, 2, 10, 5, 16, 4, 6, 9, 8, 10, 10, 14, 4, 4, 1, 1, 13, 16, 15, 10, 8, 3, 8, 12, 14, 15, 10, 8, 5, 12, 14, 11, 21, 6, 17, 11, 2, 11, 12, 8, 15, 14, 9, 13, 11, 17, 11, 18, 10, 4, 9, 5, 11, 9, 5, 2, 5, 4, 4, 13, 8, 13, 18, 8, 3, 1, 13, 21, 5, 12, 6, 14, 12, 7, 7, 11, 8, 16, 10, 9, 14, 18, 19, 9, 13, 3, 11, 10, 13, 8, 8, 5, 19, 15, 19, 13, 5, 7, 1, 2, 6, 13, 3, 10]

Run 12
Start: 1516473750.15
End: 1516473811.76
Elapsed: 61.6172678471
Scores: [22, 30, 5, 16, 15, 17, 16, 20, 14, 12, 6, 20, 18, 14, 26, 21, 16, 20, 15, 24, 3, 18, 16, 14, 1, 17, 7, 14, 12, 9, 17, 18, 5, 15, 4, 14, 17, 1, 15, 15, 25, 16, 21, 7, 1, 17, 16, 15, 14, 28, 17, 18, 6, 19, 15, 21, 19, 23, 14, 7, 15, 18, 14, 9, 9, 16, 10, 3, 16, 19, 13, 13, 13, 22, 18, 17, 23, 17, 14, 21, 15, 15, 25, 19, 7, 15, 21, 20, 24, 10, 21, 20, 17, 10, 20, 13, 16, 17, 14, 11, 13, 21, 5, 27, 19, 20, 20, 8, 19, 15, 12, 12, 6, 18, 14, 26, 22, 10, 14, 14, 15, 22, 14, 25, 11, 20, 5, 15, 9, 9, 20, 1, 19, 31, 20, 1, 1, 1, 16, 6, 17, 20, 1, 17, 9, 21, 8, 1, 17, 22, 20, 5, 15, 7, 15, 18, 12, 19, 4, 15, 15, 4, 13, 20, 1, 15, 15, 4, 14, 5, 9, 22, 9, 27, 15, 23, 15, 9, 14, 29, 26, 20, 21, 20, 27, 1, 13, 14, 14, 13, 12, 2, 7, 21, 19, 17, 16, 27, 3, 15, 17, 30, 27, 9, 1, 14, 8, 10, 23, 21, 17, 19, 16, 14, 19, 16, 5, 1, 15, 13, 1, 8, 16, 20, 14, 26, 16, 14, 2, 20, 15, 7, 22, 22, 18, 17, 28, 12, 1, 15, 5, 17, 1, 17, 11, 13, 16, 19, 16, 25, 22, 11, 16, 16, 12, 15, 19, 19, 12, 12, 21, 14, 18, 21, 15, 15, 15, 9, 8, 20, 7, 18, 18, 18, 5, 16, 13, 1, 10, 9, 18, 24, 17, 17, 25, 8, 17, 18, 18, 29, 18, 10, 6, 27, 22, 19, 19, 15, 15, 23, 5, 7, 31, 20, 19, 9, 15, 12, 13, 19, 19, 16, 17, 20, 19, 14, 17, 11, 14, 18, 12, 20, 17, 17, 14, 24, 20, 12, 18, 16, 7, 17, 15, 12, 14, 22, 23, 19, 17, 18, 21, 5, 9, 19, 18, 23, 16, 21, 14, 8, 16, 22, 15, 14, 1, 16, 20, 17, 21, 20, 2, 3, 16, 13, 13, 17, 12, 20, 22, 5, 16, 4, 16, 5, 1, 12, 12, 18, 24, 1, 1, 17, 5, 17, 18, 16, 18, 25, 25, 14, 23, 29, 16, 15, 18, 7, 22, 2, 11, 15, 18, 23, 17, 17, 4, 1, 27, 18, 18, 1, 14, 15, 15, 17, 12, 11, 13, 9, 22, 22, 21, 16, 17, 6, 17, 16, 15, 17, 22, 26, 8, 20, 14, 18, 1, 16, 16, 2, 19, 6, 14, 26, 2, 20, 10, 15, 6, 17, 25, 16, 26, 4, 17, 22, 19, 17, 24, 29, 12, 12, 19, 9, 25, 9, 17, 16, 18, 15, 19, 11, 7, 15, 18, 20, 5, 24, 20, 23, 5, 14, 17, 24, 15, 14, 14, 14, 18, 17, 10, 17, 6, 24, 20, 17, 13, 10, 16, 13, 18, 18]

Run 13
Start: 1516473812.71
End: 1516473866.65
Elapsed: 53.9393160343
Scores: [16, 7, 7, 11, 6, 2, 9, 23, 11, 18, 13, 12, 21, 16, 2, 4, 15, 4, 8, 1, 13, 14, 14, 10, 18, 6, 7, 8, 15, 6, 14, 4, 13, 13, 12, 6, 5, 22, 18, 8, 22, 12, 3, 8, 15, 6, 8, 8, 22, 15, 8, 13, 2, 13, 24, 5, 20, 1, 8, 15, 17, 9, 9, 8, 8, 4, 10, 14, 5, 5, 13, 15, 7, 19, 16, 12, 21, 10, 24, 7, 1, 8, 15, 8, 5, 23, 8, 8, 4, 23, 6, 1, 1, 10, 12, 9, 3, 12, 8, 14, 1, 7, 9, 9, 8, 18, 8, 13, 19, 7, 13, 13, 10, 20, 15, 9, 13, 12, 12, 17, 6, 14, 6, 5, 11, 8, 6, 4, 10, 8, 16, 9, 20, 8, 9, 22, 3, 2, 6, 14, 15, 8, 20, 16, 3, 15, 11, 4, 15, 16, 1, 7, 9, 1, 9, 15, 7, 17, 2, 1, 1, 17, 17, 8, 10, 11, 4, 16, 7, 6, 28, 20, 2, 10, 24, 4, 18, 20, 1, 24, 16, 15, 8, 7, 5, 19, 1, 6, 11, 1, 7, 16, 20, 9, 4, 10, 6, 19, 8, 2, 4, 15, 10, 1, 17, 6, 10, 8, 23, 13, 6, 3, 1, 3, 14, 18, 12, 18, 14, 10, 2, 5, 8, 10, 14, 9, 17, 8, 10, 7, 21, 18, 9, 1, 11, 7, 8, 18, 3, 13, 12, 14, 2, 4, 18, 16, 6, 11, 3, 3, 9, 16, 15, 1, 8, 4, 7, 22, 5, 9, 18, 21, 11, 8, 19, 3, 7, 7, 9, 12, 5, 4, 7, 2, 21, 18, 14, 10, 17, 4, 7, 7, 6, 4, 13, 11, 18, 13, 22, 8, 5, 17, 11, 5, 2, 5, 1, 1, 3, 3, 5, 12, 13, 8, 10, 8, 14, 1, 2, 5, 8, 16, 9, 15, 15, 15, 7, 1, 2, 7, 13, 6, 2, 10, 7, 8, 7, 20, 4, 7, 12, 3, 2, 2, 18, 3, 4, 15, 11, 10, 11, 8, 12, 11, 10, 2, 5, 2, 18, 6, 11, 17, 6, 15, 8, 14, 18, 4, 11, 6, 14, 6, 15, 15, 21, 3, 8, 1, 9, 1, 11, 21, 9, 5, 5, 12, 3, 1, 1, 8, 8, 14, 8, 12, 10, 10, 11, 10, 19, 15, 6, 8, 17, 14, 15, 1, 16, 2, 13, 14, 11, 8, 1, 2, 20, 12, 20, 11, 21, 17, 24, 4, 16, 18, 7, 16, 7, 4, 21, 17, 9, 5, 5, 22, 18, 15, 2, 11, 4, 4, 15, 15, 9, 9, 4, 13, 5, 10, 4, 1, 12, 1, 8, 12, 7, 20, 8, 9, 5, 8, 8, 18, 14, 17, 13, 18, 16, 6, 8, 6, 2, 4, 12, 7, 9, 1, 1, 9, 7, 17, 1, 5, 13, 1, 18, 2, 8, 12, 7, 2, 14, 16, 15, 21, 7, 22, 9, 14, 7, 11, 1, 13, 17, 10, 1, 9, 13, 8, 18, 3]

Run 14
Start: 1516473867.26
End: 1516473948.13
Elapsed: 80.8624279499
Scores: [19, 16, 21, 8, 14, 20, 19, 16, 26, 22, 20, 20, 21, 19, 27, 20, 19, 22, 20, 13, 20, 1, 21, 24, 1, 20, 1, 17, 25, 18, 22, 2, 17, 1, 16, 2, 22, 18, 23, 19, 17, 13, 23, 10, 2, 13, 22, 19, 25, 18, 13, 13, 19, 6, 4, 19, 18, 17, 17, 21, 1, 15, 20, 1, 21, 16, 14, 15, 16, 14, 17, 15, 26, 13, 24, 19, 18, 7, 1, 17, 5, 23, 1, 1, 21, 1, 23, 2, 16, 14, 28, 17, 24, 19, 20, 15, 5, 1, 23, 1, 23, 15, 19, 21, 19, 15, 19, 28, 18, 15, 21, 21, 16, 18, 2, 20, 22, 21, 1, 25, 21, 20, 14, 1, 18, 23, 18, 17, 16, 6, 20, 26, 15, 20, 13, 22, 18, 9, 17, 23, 14, 13, 18, 2, 24, 15, 17, 21, 19, 21, 27, 26, 19, 22, 20, 5, 18, 19, 1, 17, 24, 21, 1, 19, 26, 24, 26, 17, 1, 30, 17, 15, 18, 18, 17, 14, 1, 15, 19, 21, 20, 19, 21, 6, 15, 23, 20, 15, 15, 13, 3, 2, 14, 21, 18, 16, 23, 25, 26, 1, 20, 1, 21, 17, 18, 10, 19, 16, 22, 14, 18, 18, 19, 1, 16, 21, 1, 16, 4, 26, 1, 25, 18, 15, 24, 14, 22, 2, 18, 20, 17, 2, 17, 15, 20, 22, 19, 19, 20, 16, 22, 7, 20, 13, 1, 18, 17, 21, 13, 24, 18, 5, 13, 14, 19, 18, 19, 10, 1, 17, 1, 23, 15, 19, 19, 23, 13, 25, 18, 19, 19, 14, 20, 24, 23, 22, 16, 19, 19, 15, 27, 21, 18, 19, 18, 17, 19, 14, 23, 20, 5, 17, 13, 22, 26, 2, 1, 3, 29, 16, 21, 20, 20, 27, 23, 22, 1, 23, 3, 1, 4, 19, 14, 1, 19, 23, 23, 16, 26, 6, 28, 21, 19, 1, 21, 19, 21, 9, 13, 13, 15, 1, 19, 20, 18, 22, 20, 4, 19, 19, 13, 24, 19, 23, 1, 23, 3, 24, 17, 13, 20, 21, 16, 19, 17, 14, 22, 15, 21, 1, 20, 21, 5, 21, 23, 15, 14, 19, 19, 15, 17, 22, 17, 1, 24, 15, 18, 20, 17, 13, 15, 9, 27, 1, 18, 20, 22, 19, 20, 18, 15, 23, 21, 15, 8, 1, 18, 24, 16, 19, 18, 16, 23, 19, 19, 18, 2, 1, 17, 18, 18, 21, 24, 20, 19, 25, 23, 20, 22, 17, 17, 18, 25, 2, 19, 13, 20, 17, 14, 19, 24, 21, 16, 18, 2, 21, 15, 24, 9, 19, 27, 17, 20, 18, 22, 14, 24, 21, 26, 13, 18, 23, 22, 1, 8, 24, 19, 16, 13, 20, 6, 1, 21, 24, 1, 15, 1, 20, 17, 19, 17, 18, 11, 19, 19, 21, 15, 2, 15, 18, 22, 26, 16, 19, 20, 16, 24, 27, 16, 23, 22, 14, 21, 23, 17, 15, 3, 16, 16, 23]

Run 15
Start: 1516473949.62
End: 1516474063.2
Elapsed: 113.578524828
Scores: [10, 9, 10, 14, 32, 17, 26, 4, 4, 8, 8, 9, 11, 13, 9, 20, 1, 18, 4, 4, 18, 6, 30, 5, 14, 7, 16, 22, 5, 15, 20, 17, 18, 1, 23, 19, 9, 4, 9, 15, 12, 4, 6, 19, 20, 14, 10, 17, 8, 6, 12, 14, 10, 12, 8, 22, 6, 29, 6, 6, 21, 4, 21, 1, 4, 7, 5, 22, 14, 25, 10, 13, 12, 11, 15, 2, 23, 15, 28, 15, 1, 25, 12, 16, 19, 18, 7, 26, 9, 16, 1, 18, 12, 8, 10, 11, 1, 15, 15, 1, 13, 25, 22, 1, 14, 8, 1, 30, 2, 28, 1, 4, 24, 3, 12, 4, 3, 4, 19, 2, 9, 16, 5, 10, 1, 29, 22, 14, 1, 19, 23, 9, 13, 15, 11, 15, 9, 16, 16, 22, 22, 5, 15, 23, 3, 7, 15, 14, 12, 25, 26, 9, 17, 5, 1, 19, 17, 15, 18, 17, 6, 18, 15, 5, 12, 11, 8, 2, 9, 5, 14, 8, 16, 5, 5, 17, 21, 8, 20, 6, 29, 22, 6, 18, 15, 2, 6, 18, 4, 18, 11, 5, 11, 10, 20, 10, 25, 27, 28, 19, 10, 24, 13, 7, 1, 1, 17, 8, 10, 18, 12, 9, 8, 14, 13, 16, 30, 3, 1, 11, 20, 8, 14, 24, 11, 13, 7, 8, 4, 5, 24, 17, 13, 1, 10, 15, 13, 9, 14, 3, 23, 12, 9, 6, 17, 17, 24, 13, 2, 11, 9, 4, 4, 14, 1, 3, 27, 3, 14, 6, 12, 10, 10, 22, 21, 21, 15, 13, 3, 12, 15, 25, 28, 14, 10, 14, 1, 1, 12, 5, 16, 19, 6, 4, 10, 24, 9, 3, 6, 6, 30, 6, 5, 29, 21, 15, 1, 14, 29, 11, 8, 19, 1, 4, 17, 14, 8, 7, 7, 1, 4, 15, 14, 18, 8, 11, 10, 16, 13, 20, 28, 9, 7, 22, 5, 25, 11, 18, 3, 12, 5, 9, 17, 11, 1, 4, 19, 1, 10, 1, 10, 1, 24, 14, 16, 8, 7, 8, 4, 1, 9, 9, 16, 23, 22, 22, 25, 10, 16, 24, 4, 10, 11, 25, 10, 21, 11, 7, 1, 1, 4, 10, 10, 3, 22, 6, 9, 17, 11, 3, 9, 20, 13, 17, 18, 1, 21, 2, 18, 6, 15, 20, 13, 13, 13, 10, 6, 7, 11, 7, 31, 15, 1, 22, 22, 5, 23, 5, 13, 24, 27, 15, 15, 1, 15, 4, 8, 15, 12, 9, 5, 20, 13, 21, 19, 21, 17, 17, 20, 10, 12, 18, 31, 12, 11, 28, 8, 12, 10, 8, 3, 4, 8, 1, 19, 9, 2, 1, 10, 29, 22, 10, 6, 5, 8, 5, 12, 4, 21, 13, 17, 12, 2, 18, 23, 14, 9, 14, 16, 16, 25, 7, 5, 20, 8, 12, 1, 21, 10, 16, 3, 1, 14, 3, 7, 10, 17, 11, 11, 6, 9, 24, 24, 15, 12, 16, 2, 20, 3, 5]

Run 16
Start: 1516474064.39
End: 1516474118.34
Elapsed: 53.9534721375
Scores: [6, 1, 9, 8, 8, 11, 5, 20, 15, 5, 10, 8, 16, 16, 4, 10, 3, 13, 9, 4, 3, 15, 9, 2, 5, 15, 11, 15, 11, 12, 10, 13, 2, 12, 3, 2, 7, 3, 6, 8, 9, 10, 7, 9, 1, 14, 1, 7, 5, 7, 8, 9, 1, 7, 15, 14, 9, 11, 13, 9, 16, 1, 18, 11, 2, 5, 3, 8, 2, 17, 10, 17, 9, 4, 8, 15, 4, 6, 4, 2, 5, 10, 2, 5, 1, 16, 12, 7, 5, 2, 10, 9, 20, 16, 3, 11, 7, 5, 6, 10, 9, 6, 11, 4, 4, 5, 9, 5, 12, 1, 8, 12, 3, 9, 7, 6, 3, 12, 8, 6, 10, 2, 7, 13, 17, 2, 6, 2, 8, 5, 10, 6, 9, 2, 2, 5, 15, 5, 10, 9, 9, 5, 8, 6, 3, 1, 17, 10, 4, 5, 3, 18, 6, 7, 4, 20, 13, 7, 8, 6, 3, 11, 2, 10, 13, 2, 7, 2, 4, 5, 3, 6, 3, 8, 4, 5, 1, 14, 11, 5, 7, 9, 11, 4, 7, 8, 13, 2, 14, 12, 3, 7, 1, 9, 12, 3, 17, 5, 17, 11, 13, 5, 12, 2, 16, 3, 2, 7, 12, 5, 6, 9, 9, 15, 1, 12, 3, 8, 1, 6, 5, 5, 4, 3, 6, 4, 3, 8, 19, 5, 4, 12, 18, 6, 12, 15, 6, 9, 2, 11, 7, 6, 3, 3, 17, 3, 11, 10, 3, 1, 8, 9, 14, 7, 17, 10, 2, 4, 2, 6, 4, 3, 15, 5, 10, 6, 17, 23, 11, 9, 23, 2, 10, 8, 11, 9, 1, 3, 8, 15, 9, 11, 5, 10, 7, 9, 4, 12, 6, 12, 11, 3, 14, 5, 4, 4, 4, 10, 12, 14, 8, 7, 8, 1, 15, 4, 14, 8, 7, 17, 6, 11, 6, 13, 12, 7, 9, 5, 2, 6, 2, 1, 1, 6, 3, 9, 23, 9, 2, 20, 1, 1, 2, 9, 12, 1, 7, 11, 11, 11, 10, 8, 2, 1, 6, 1, 13, 1, 3, 4, 10, 17, 4, 8, 4, 2, 3, 7, 9, 8, 9, 8, 5, 4, 10, 6, 11, 3, 1, 6, 1, 1, 2, 10, 1, 27, 17, 12, 5, 2, 10, 5, 1, 5, 14, 12, 1, 8, 9, 21, 8, 11, 3, 6, 8, 9, 3, 3, 4, 2, 1, 10, 10, 10, 4, 9, 3, 7, 14, 9, 2, 2, 4, 6, 15, 18, 6, 5, 6, 8, 6, 2, 4, 9, 9, 8, 15, 10, 8, 6, 8, 6, 14, 5, 2, 7, 12, 8, 10, 1, 6, 9, 2, 4, 3, 6, 1, 1, 2, 3, 1, 8, 3, 8, 6, 2, 11, 7, 10, 5, 6, 3, 9, 7, 2, 9, 7, 2, 10, 3, 7, 13, 9, 9, 9, 5, 7, 1, 8, 7, 7, 8, 8, 13, 8, 18, 11, 13, 3, 9, 1, 10, 16, 13, 3, 2, 9, 7, 8, 7]

Run 17
Start: 1516474118.89
End: 1516474170.12
Elapsed: 51.2327730656
Scores: [8, 2, 4, 8, 1, 10, 8, 5, 5, 1, 4, 3, 10, 12, 9, 2, 3, 2, 10, 6, 5, 6, 1, 1, 8, 10, 2, 3, 6, 1, 6, 3, 5, 9, 3, 2, 1, 1, 1, 8, 1, 10, 2, 4, 2, 6, 13, 2, 1, 3, 1, 3, 14, 2, 4, 7, 7, 1, 8, 15, 13, 4, 3, 2, 4, 7, 7, 7, 15, 11, 8, 2, 4, 1, 12, 1, 3, 3, 2, 5, 2, 1, 2, 2, 7, 4, 1, 4, 1, 3, 3, 12, 3, 6, 1, 8, 1, 4, 1, 7, 7, 10, 5, 9, 7, 3, 6, 1, 3, 1, 6, 7, 2, 6, 7, 7, 15, 4, 4, 2, 8, 4, 6, 2, 5, 4, 7, 5, 17, 9, 11, 5, 3, 14, 9, 4, 6, 1, 1, 2, 1, 6, 3, 2, 8, 5, 5, 15, 3, 4, 2, 2, 5, 1, 3, 1, 1, 3, 2, 4, 1, 4, 4, 1, 4, 5, 5, 3, 2, 1, 3, 5, 6, 5, 1, 13, 1, 6, 11, 1, 8, 1, 16, 3, 5, 1, 4, 10, 8, 4, 1, 7, 6, 4, 4, 2, 1, 6, 6, 2, 4, 1, 10, 5, 1, 9, 2, 3, 7, 4, 10, 5, 6, 2, 2, 5, 4, 5, 3, 10, 1, 5, 9, 7, 8, 1, 1, 3, 3, 4, 2, 6, 1, 2, 3, 3, 5, 10, 4, 2, 6, 10, 6, 8, 2, 1, 3, 5, 3, 1, 2, 1, 2, 6, 13, 8, 4, 5, 4, 2, 4, 1, 4, 2, 7, 3, 4, 10, 9, 4, 1, 4, 1, 1, 7, 7, 6, 1, 2, 5, 1, 9, 1, 1, 4, 1, 4, 2, 1, 3, 2, 2, 5, 4, 3, 1, 2, 9, 2, 1, 9, 1, 5, 6, 2, 11, 1, 3, 1, 5, 1, 4, 6, 6, 3, 10, 13, 16, 9, 3, 15, 5, 9, 7, 5, 5, 7, 1, 2, 3, 6, 13, 6, 2, 3, 4, 3, 3, 1, 5, 3, 1, 5, 1, 8, 1, 13, 9, 2, 2, 2, 1, 9, 1, 2, 10, 6, 8, 1, 1, 15, 3, 3, 1, 2, 2, 2, 2, 13, 6, 5, 6, 9, 2, 6, 6, 5, 11, 1, 4, 5, 3, 14, 4, 10, 19, 1, 2, 4, 1, 1, 2, 5, 8, 9, 2, 2, 1, 5, 3, 5, 2, 3, 3, 1, 6, 5, 8, 8, 2, 2, 5, 5, 6, 7, 5, 10, 12, 2, 4, 1, 7, 4, 1, 15, 2, 12, 1, 8, 9, 4, 2, 6, 4, 14, 5, 2, 1, 6, 7, 3, 10, 8, 4, 6, 1, 1, 6, 8, 5, 1, 4, 2, 7, 8, 2, 3, 9, 5, 1, 2, 1, 7, 2, 6, 5, 1, 6, 1, 8, 9, 10, 1, 1, 2, 1, 6, 13, 5, 8, 6, 2, 1, 5, 3, 12, 3, 5, 2, 4, 3, 1, 4, 1, 2, 6, 2, 16, 7, 3]

Run 18
Start: 1516474170.34
End: 1516474233.73
Elapsed: 63.3908941746
Scores: [10, 6, 12, 11, 5, 3, 13, 1, 10, 4, 4, 7, 11, 2, 8, 18, 19, 3, 14, 6, 2, 8, 4, 3, 1, 2, 3, 4, 8, 6, 6, 6, 5, 2, 3, 6, 3, 16, 11, 6, 3, 4, 12, 0, 8, 10, 8, 6, 8, 2, 10, 2, 7, 9, 13, 10, 4, 12, 13, 9, 4, 0, 11, 8, 10, 2, 8, 3, 2, 4, 3, 8, 13, 5, 9, 0, 2, 6, 2, 12, 7, 3, 13, 9, 4, 0, 11, 7, 5, 13, 6, 6, 12, 13, 7, 7, 3, 6, 11, 8, 7, 9, 11, 5, 10, 16, 12, 16, 4, 9, 0, 14, 11, 2, 4, 4, 4, 9, 8, 10, 5, 6, 2, 0, 1, 9, 5, 11, 0, 10, 10, 6, 6, 1, 12, 2, 0, 24, 8, 5, 13, 4, 0, 4, 4, 2, 3, 17, 3, 6, 6, 9, 6, 10, 3, 2, 8, 2, 3, 7, 8, 13, 16, 10, 3, 3, 17, 9, 15, 10, 6, 2, 2, 3, 7, 5, 4, 9, 4, 8, 8, 4, 5, 13, 14, 9, 1, 2, 2, 10, 2, 7, 10, 3, 2, 5, 6, 11, 0, 2, 3, 0, 9, 9, 9, 0, 8, 4, 3, 10, 19, 3, 4, 11, 9, 2, 11, 10, 10, 13, 7, 15, 0, 4, 4, 13, 8, 8, 18, 5, 5, 1, 4, 8, 1, 8, 15, 0, 4, 5, 19, 1, 1, 9, 0, 3, 15, 2, 8, 15, 3, 10, 10, 2, 2, 12, 5, 5, 3, 4, 11, 14, 6, 1, 1, 0, 8, 1, 0, 10, 13, 5, 2, 5, 0, 5, 13, 2, 6, 9, 4, 5, 13, 2, 11, 4, 9, 5, 7, 2, 0, 4, 9, 2, 0, 2, 0, 6, 2, 0, 14, 9, 8, 17, 4, 9, 2, 12, 10, 3, 3, 15, 8, 6, 6, 0, 6, 7, 7, 10, 14, 0, 5, 0, 2, 26, 9, 4, 7, 2, 15, 18, 1, 5, 6, 6, 19, 7, 2, 11, 13, 4, 4, 13, 4, 6, 4, 8, 11, 2, 12, 13, 0, 7, 11, 5, 2, 8, 4, 6, 11, 4, 2, 17, 3, 11, 11, 2, 4, 2, 14, 2, 7, 7, 6, 5, 10, 12, 2, 8, 9, 3, 19, 0, 1, 12, 1, 5, 10, 8, 3, 16, 8, 3, 7, 11, 0, 3, 2, 4, 5, 0, 2, 1, 10, 9, 12, 7, 4, 11, 0, 2, 2, 3, 5, 3, 4, 8, 5, 6, 3, 8, 2, 8, 3, 11, 0, 3, 9, 3, 9, 3, 2, 17, 9, 2, 2, 11, 9, 8, 16, 3, 10, 3, 8, 15, 7, 10, 2, 10, 13, 5, 11, 13, 3, 7, 0, 6, 13, 13, 4, 1, 5, 5, 5, 5, 12, 1, 4, 6, 2, 19, 6, 10, 5, 10, 0, 12, 6, 17, 12, 6, 3, 2, 16, 8, 18, 16, 5, 2, 6, 5, 19, 6, 8, 4, 4, 9, 2, 2]

Run 19
Start: 1516474234.24
End: 1516474292.66
Elapsed: 58.4116899967
Scores: [5, 8, 6, 1, 3, 0, 0, 13, 5, 8, 1, 8, 4, 2, 5, 1, 14, 0, 9, 9, 10, 6, 0, 1, 1, 5, 10, 9, 0, 3, 2, 5, 9, 6, 5, 9, 14, 2, 5, 2, 2, 8, 3, 12, 1, 5, 6, 13, 0, 4, 0, 12, 4, 7, 0, 5, 1, 0, 5, 5, 0, 3, 0, 2, 4, 9, 3, 12, 1, 2, 11, 9, 2, 0, 0, 1, 2, 14, 3, 1, 3, 0, 13, 9, 7, 6, 4, 11, 10, 0, 1, 7, 6, 8, 8, 7, 0, 14, 17, 4, 1, 8, 7, 13, 0, 5, 3, 13, 4, 0, 2, 9, 7, 0, 2, 1, 6, 0, 9, 0, 10, 5, 12, 6, 12, 4, 10, 2, 9, 9, 1, 9, 1, 9, 0, 10, 0, 4, 2, 4, 5, 1, 4, 2, 17, 1, 3, 0, 0, 4, 6, 0, 9, 8, 0, 11, 10, 4, 1, 4, 0, 2, 3, 4, 24, 2, 14, 4, 7, 0, 1, 7, 6, 7, 12, 6, 1, 3, 7, 0, 17, 5, 9, 3, 2, 0, 3, 14, 1, 2, 0, 0, 9, 7, 12, 0, 4, 8, 5, 3, 13, 13, 0, 0, 7, 7, 14, 2, 6, 0, 0, 0, 2, 2, 4, 0, 0, 0, 8, 4, 5, 1, 10, 9, 6, 0, 8, 0, 2, 3, 3, 12, 1, 17, 5, 1, 5, 4, 4, 8, 0, 20, 2, 2, 1, 5, 8, 9, 0, 1, 13, 0, 10, 7, 6, 10, 1, 11, 1, 8, 19, 3, 5, 6, 1, 6, 7, 14, 8, 4, 10, 10, 0, 0, 9, 6, 6, 3, 0, 12, 2, 0, 4, 8, 0, 11, 1, 4, 4, 8, 0, 0, 0, 4, 2, 2, 5, 7, 1, 2, 6, 14, 0, 0, 0, 0, 4, 5, 6, 8, 0, 6, 1, 0, 8, 3, 10, 3, 7, 1, 12, 0, 12, 5, 1, 9, 1, 14, 0, 0, 9, 4, 4, 4, 0, 1, 0, 2, 4, 11, 7, 9, 2, 3, 10, 14, 10, 0, 12, 0, 0, 5, 1, 0, 12, 5, 4, 0, 11, 5, 14, 5, 6, 1, 9, 0, 0, 2, 2, 0, 2, 5, 9, 0, 0, 1, 9, 9, 5, 2, 7, 11, 6, 2, 0, 5, 9, 9, 3, 0, 8, 12, 6, 0, 0, 9, 3, 12, 1, 4, 0, 8, 1, 7, 3, 0, 2, 7, 5, 5, 2, 3, 4, 1, 0, 1, 0, 3, 0, 2, 0, 8, 0, 10, 15, 4, 10, 6, 0, 7, 5, 15, 0, 8, 4, 0, 1, 10, 10, 9, 13, 0, 0, 1, 5, 5, 0, 3, 2, 16, 4, 3, 0, 9, 5, 1, 2, 2, 4, 0, 6, 2, 3, 4, 1, 3, 20, 2, 7, 1, 7, 15, 3, 11, 0, 1, 1, 11, 0, 8, 5, 2, 0, 1, 0, 6, 0, 5, 0, 2, 5, 4, 5, 12, 4, 6, 0, 1, 5, 4]

Run 20
Start: 1516474293.17
End: 1516474359.57
Elapsed: 66.4011690617
Scores: [1, 2, 3, 4, 1, 2, 2, 1, 3, 1, 1, 8, 16, 10, 5, 22, 6, 5, 11, 17, 9, 4, 7, 3, 2, 3, 4, 5, 4, 4, 1, 4, 3, 15, 8, 5, 1, 10, 5, 8, 8, 2, 4, 7, 2, 11, 3, 14, 5, 4, 7, 6, 1, 2, 5, 1, 2, 3, 2, 1, 5, 0, 3, 1, 2, 1, 4, 2, 3, 7, 8, 1, 4, 1, 2, 4, 2, 2, 4, 3, 3, 3, 7, 5, 2, 4, 2, 2, 8, 6, 7, 7, 7, 8, 1, 2, 10, 4, 5, 7, 2, 9, 6, 5, 3, 1, 8, 5, 9, 2, 3, 7, 11, 2, 1, 3, 5, 1, 2, 2, 12, 8, 10, 2, 1, 4, 2, 5, 2, 8, 2, 1, 1, 6, 1, 2, 8, 9, 3, 5, 7, 8, 7, 3, 4, 9, 9, 4, 9, 4, 4, 12, 4, 5, 1, 2, 8, 9, 4, 4, 5, 2, 3, 5, 1, 1, 6, 8, 13, 1, 6, 3, 4, 3, 8, 3, 10, 6, 2, 7, 2, 2, 3, 8, 4, 5, 6, 3, 4, 2, 6, 1, 8, 6, 8, 24, 7, 5, 13, 7, 3, 2, 1, 4, 9, 4, 4, 4, 4, 5, 6, 1, 2, 3, 2, 4, 1, 4, 1, 9, 6, 2, 2, 2, 11, 10, 4, 3, 2, 2, 4, 9, 3, 2, 5, 6, 6, 6, 3, 5, 5, 6, 1, 10, 11, 5, 2, 5, 1, 4, 5, 2, 1, 10, 1, 3, 2, 1, 3, 2, 10, 3, 10, 5, 10, 10, 5, 8, 2, 8, 8, 5, 10, 7, 9, 1, 7, 1, 4, 3, 3, 9, 3, 1, 13, 3, 13, 12, 5, 2, 5, 1, 3, 6, 9, 6, 6, 7, 2, 7, 2, 6, 3, 8, 6, 0, 13, 11, 4, 5, 2, 7, 2, 6, 4, 4, 4, 6, 2, 12, 3, 5, 2, 3, 9, 3, 4, 2, 4, 2, 0, 4, 5, 10, 10, 1, 17, 6, 2, 1, 2, 1, 7, 7, 9, 2, 10, 9, 4, 8, 4, 8, 15, 2, 4, 7, 12, 1, 1, 2, 6, 4, 5, 6, 4, 3, 1, 8, 11, 3, 1, 5, 9, 6, 2, 15, 1, 9, 5, 11, 2, 3, 4, 3, 9, 3, 1, 1, 2, 2, 2, 9, 7, 2, 2, 1, 4, 2, 6, 1, 7, 5, 8, 11, 2, 9, 4, 1, 10, 3, 7, 4, 7, 4, 9, 7, 4, 6, 7, 6, 2, 2, 2, 13, 5, 9, 4, 18, 2, 1, 6, 8, 2, 5, 9, 6, 2, 2, 3, 3, 2, 4, 8, 1, 11, 1, 2, 2, 2, 6, 8, 1, 4, 5, 2, 2, 1, 2, 10, 3, 10, 3, 4, 4, 4, 1, 4, 1, 15, 9, 5, 5, 3, 1, 11, 2, 5, 1, 2, 6, 3, 3, 1, 1, 18, 13, 2, 7, 5, 2, 1, 10, 2, 5, 12, 5, 2, 1, 1, 2]

Run 21
Start: 1516474360.04
End: 1516474406.07
Elapsed: 46.0278811455
Scores: [11, 1, 3, 14, 10, 7, 7, 1, 10, 2, 6, 12, 3, 3, 8, 1, 5, 5, 2, 14, 5, 10, 5, 3, 10, 11, 15, 13, 1, 14, 9, 5, 11, 3, 12, 3, 18, 2, 5, 7, 1, 14, 2, 3, 7, 4, 13, 13, 6, 11, 10, 8, 8, 3, 5, 19, 10, 3, 2, 1, 13, 8, 8, 6, 3, 2, 6, 2, 4, 15, 6, 11, 4, 13, 1, 4, 10, 8, 6, 8, 2, 3, 2, 7, 8, 6, 1, 7, 3, 6, 6, 3, 6, 10, 3, 1, 1, 5, 12, 3, 4, 7, 13, 7, 1, 2, 2, 9, 15, 3, 2, 3, 11, 3, 7, 2, 3, 2, 1, 10, 11, 6, 8, 7, 13, 1, 9, 8, 11, 2, 1, 7, 2, 4, 4, 2, 4, 7, 6, 8, 11, 6, 1, 9, 10, 12, 5, 10, 5, 6, 6, 3, 4, 3, 4, 8, 9, 9, 14, 3, 7, 1, 12, 4, 13, 2, 14, 1, 3, 6, 5, 2, 2, 8, 2, 7, 3, 5, 7, 3, 2, 8, 11, 1, 1, 13, 9, 3, 8, 6, 8, 11, 3, 10, 17, 12, 7, 9, 5, 1, 10, 1, 6, 13, 4, 6, 8, 7, 8, 6, 12, 2, 4, 16, 3, 2, 6, 5, 9, 9, 8, 3, 2, 3, 9, 8, 10, 12, 8, 2, 1, 15, 4, 4, 2, 2, 6, 7, 1, 2, 3, 5, 13, 8, 2, 5, 14, 15, 12, 3, 7, 9, 5, 2, 6, 1, 7, 9, 10, 4, 8, 7, 6, 12, 9, 1, 9, 10, 1, 5, 3, 2, 2, 5, 11, 5, 7, 7, 8, 1, 4, 2, 6, 6, 5, 9, 11, 6, 10, 3, 3, 6, 2, 3, 4, 10, 3, 7, 6, 9, 5, 1, 13, 9, 2, 9, 2, 12, 9, 3, 14, 6, 11, 7, 5, 4, 3, 10, 11, 2, 6, 11, 8, 7, 5, 12, 7, 1, 10, 2, 11, 5, 10, 4, 4, 9, 2, 2, 13, 2, 1, 7, 18, 14, 10, 19, 8, 1, 2, 6, 8, 12, 2, 3, 5, 10, 7, 6, 2, 15, 2, 8, 2, 4, 8, 3, 3, 11, 7, 8, 6, 8, 6, 7, 1, 5, 2, 1, 6, 7, 4, 7, 5, 6, 4, 7, 1, 3, 12, 16, 11, 13, 8, 5, 6, 16, 1, 7, 3, 3, 5, 8, 1, 2, 7, 5, 5, 13, 6, 19, 1, 3, 3, 2, 6, 2, 4, 7, 8, 12, 11, 13, 12, 6, 1, 1, 2, 2, 8, 3, 10, 3, 2, 9, 12, 14, 8, 14, 4, 5, 7, 13, 3, 2, 13, 6, 9, 2, 2, 1, 9, 2, 3, 14, 9, 12, 2, 1, 9, 5, 13, 9, 2, 5, 6, 1, 3, 7, 2, 4, 15, 6, 4, 12, 2, 14, 4, 14, 4, 3, 4, 4, 14, 2, 10, 2, 8, 9, 7, 3, 6, 2, 13, 11, 1, 7, 1, 2, 8, 19]

Run 22
Start: 1516474406.52
End: 1516474452.6
Elapsed: 46.0790040493
Scores: [11, 7, 0, 4, 10, 4, 1, 7, 2, 1, 2, 1, 5, 4, 1, 8, 3, 6, 7, 10, 6, 6, 0, 2, 1, 2, 5, 4, 6, 6, 1, 2, 3, 1, 5, 4, 5, 1, 5, 7, 3, 10, 4, 0, 15, 2, 0, 1, 0, 1, 9, 5, 7, 0, 2, 9, 11, 3, 1, 8, 6, 1, 3, 9, 2, 5, 7, 1, 7, 6, 1, 5, 0, 1, 1, 0, 2, 4, 3, 2, 3, 2, 1, 5, 3, 0, 15, 0, 8, 3, 13, 0, 5, 3, 1, 3, 2, 1, 5, 5, 4, 7, 2, 5, 0, 5, 5, 3, 2, 11, 0, 6, 8, 2, 1, 15, 1, 9, 9, 6, 3, 1, 1, 1, 3, 2, 10, 4, 4, 3, 0, 3, 2, 1, 5, 5, 3, 4, 6, 6, 6, 5, 3, 1, 0, 3, 5, 2, 12, 2, 1, 9, 10, 5, 11, 3, 1, 8, 0, 7, 0, 2, 2, 11, 1, 0, 3, 6, 3, 5, 6, 2, 1, 2, 5, 3, 9, 2, 0, 10, 1, 1, 7, 1, 15, 7, 1, 4, 6, 1, 2, 3, 1, 3, 5, 8, 10, 1, 16, 3, 10, 6, 2, 1, 5, 1, 13, 7, 0, 1, 6, 2, 7, 3, 7, 8, 7, 8, 4, 2, 0, 3, 1, 3, 2, 7, 5, 9, 6, 9, 8, 3, 4, 1, 7, 4, 3, 5, 2, 8, 1, 3, 6, 6, 10, 14, 10, 4, 1, 10, 13, 9, 5, 1, 6, 8, 3, 7, 0, 2, 3, 2, 15, 0, 6, 7, 5, 10, 10, 1, 2, 16, 14, 13, 1, 3, 9, 6, 4, 0, 0, 0, 3, 1, 0, 6, 1, 12, 2, 0, 10, 1, 2, 2, 2, 9, 5, 1, 5, 2, 11, 5, 3, 1, 8, 1, 2, 11, 2, 13, 1, 14, 5, 1, 2, 1, 2, 6, 1, 3, 1, 5, 6, 3, 9, 9, 1, 9, 7, 3, 0, 8, 10, 5, 0, 5, 6, 3, 1, 4, 3, 1, 2, 5, 0, 8, 4, 2, 1, 5, 4, 7, 6, 10, 4, 1, 17, 4, 5, 9, 5, 3, 4, 6, 0, 3, 7, 10, 3, 3, 2, 1, 3, 4, 0, 1, 6, 5, 7, 0, 7, 7, 1, 6, 1, 6, 1, 2, 2, 8, 1, 2, 1, 5, 4, 9, 1, 1, 2, 0, 20, 3, 5, 7, 1, 1, 4, 5, 11, 2, 1, 1, 4, 8, 3, 8, 0, 8, 5, 3, 7, 4, 8, 5, 3, 0, 1, 6, 1, 0, 2, 13, 9, 3, 0, 0, 6, 1, 12, 1, 1, 3, 1, 6, 0, 3, 7, 2, 5, 0, 4, 2, 2, 8, 3, 2, 12, 5, 4, 1, 11, 4, 7, 3, 6, 4, 2, 6, 1, 4, 8, 0, 3, 2, 2, 13, 1, 4, 7, 8, 1, 4, 4, 10, 5, 2, 10, 0, 11, 6, 0, 13, 1, 11, 7, 5, 9, 1, 11, 7]

Run 23
Start: 1516474453.08
End: 1516474536.77
Elapsed: 83.6899869442
Scores: [12, 13, 11, 13, 13, 5, 14, 3, 15, 20, 34, 13, 17, 9, 15, 15, 20, 22, 15, 12, 15, 13, 13, 3, 19, 8, 18, 27, 19, 17, 19, 3, 4, 23, 1, 9, 1, 8, 19, 11, 12, 10, 15, 6, 11, 7, 12, 20, 14, 28, 12, 1, 27, 13, 15, 19, 16, 15, 18, 8, 7, 7, 6, 13, 13, 20, 15, 21, 11, 9, 1, 13, 13, 19, 6, 21, 23, 11, 16, 4, 9, 6, 1, 6, 4, 10, 16, 4, 17, 9, 18, 16, 11, 9, 18, 7, 17, 12, 17, 18, 18, 10, 10, 17, 16, 11, 6, 27, 7, 12, 6, 17, 21, 7, 9, 4, 11, 7, 9, 5, 12, 6, 16, 18, 8, 18, 19, 3, 9, 9, 1, 19, 26, 4, 17, 13, 13, 28, 2, 18, 21, 10, 14, 15, 23, 15, 5, 20, 22, 17, 18, 18, 9, 16, 1, 11, 19, 24, 13, 25, 21, 10, 7, 23, 12, 14, 12, 11, 6, 14, 7, 14, 16, 13, 9, 5, 1, 6, 24, 8, 18, 16, 15, 13, 13, 5, 16, 14, 15, 4, 21, 10, 8, 1, 14, 8, 7, 3, 1, 2, 18, 20, 8, 4, 17, 21, 8, 11, 13, 12, 17, 5, 11, 16, 15, 8, 3, 5, 20, 18, 16, 4, 15, 6, 7, 16, 15, 13, 19, 8, 19, 9, 2, 17, 7, 10, 24, 8, 18, 22, 8, 16, 19, 16, 19, 14, 11, 4, 4, 15, 10, 1, 3, 3, 25, 8, 20, 21, 18, 18, 14, 13, 8, 3, 17, 11, 2, 7, 9, 17, 11, 16, 8, 16, 13, 19, 8, 2, 5, 16, 9, 28, 6, 14, 14, 4, 10, 26, 18, 6, 15, 14, 17, 10, 4, 23, 1, 22, 10, 1, 12, 10, 19, 15, 9, 8, 6, 13, 18, 15, 21, 10, 20, 16, 7, 1, 19, 10, 15, 14, 6, 13, 21, 18, 7, 15, 7, 21, 22, 15, 7, 12, 17, 8, 7, 13, 15, 9, 5, 12, 5, 14, 1, 1, 15, 15, 24, 16, 13, 10, 18, 12, 8, 22, 3, 7, 7, 18, 3, 7, 1, 16, 22, 25, 10, 5, 21, 17, 6, 2, 16, 8, 6, 7, 3, 12, 9, 4, 3, 13, 15, 18, 7, 7, 6, 7, 21, 1, 20, 12, 17, 3, 14, 12, 13, 2, 16, 17, 7, 12, 17, 1, 14, 13, 3, 17, 14, 1, 20, 23, 18, 13, 8, 18, 17, 1, 5, 16, 1, 9, 10, 20, 22, 14, 14, 1, 11, 6, 22, 5, 21, 5, 22, 24, 13, 8, 15, 18, 10, 20, 8, 14, 16, 12, 8, 2, 17, 17, 17, 16, 9, 20, 15, 2, 11, 3, 1, 17, 9, 6, 7, 9, 13, 11, 6, 22, 12, 6, 8, 8, 5, 5, 15, 14, 20, 1, 11, 10, 15, 16, 10, 12, 5, 3, 12, 15, 12, 27, 14, 22, 8, 15, 16, 7, 12, 8, 11, 1, 19, 20]

Run 24
Start: 1516474538.08
End: 1516474589.95
Elapsed: 51.8741779327
Scores: [3, 10, 10, 2, 9, 7, 9, 4, 3, 1, 4, 3, 3, 5, 3, 2, 7, 11, 1, 2, 16, 4, 1, 1, 2, 3, 12, 1, 7, 3, 9, 6, 3, 8, 7, 3, 8, 7, 18, 5, 7, 7, 1, 5, 5, 10, 8, 2, 3, 1, 4, 2, 1, 4, 13, 1, 7, 9, 6, 11, 4, 12, 10, 12, 5, 4, 6, 19, 8, 3, 2, 3, 3, 2, 5, 8, 3, 8, 6, 1, 2, 3, 10, 1, 3, 1, 3, 1, 8, 6, 1, 4, 1, 4, 2, 4, 8, 1, 9, 6, 2, 6, 8, 5, 8, 1, 1, 4, 3, 1, 6, 5, 1, 10, 2, 1, 10, 11, 2, 6, 13, 5, 9, 1, 6, 5, 6, 1, 1, 3, 4, 2, 4, 2, 15, 9, 4, 1, 3, 14, 4, 6, 6, 7, 3, 1, 1, 8, 1, 6, 7, 4, 1, 8, 4, 1, 3, 5, 4, 1, 5, 10, 2, 5, 1, 5, 4, 2, 3, 2, 7, 4, 6, 2, 3, 9, 6, 5, 1, 4, 9, 3, 13, 7, 8, 10, 15, 8, 14, 1, 5, 3, 8, 10, 1, 4, 1, 3, 5, 1, 12, 8, 6, 8, 1, 3, 2, 6, 4, 9, 1, 13, 16, 5, 1, 9, 2, 5, 3, 2, 7, 7, 4, 9, 6, 11, 2, 2, 2, 7, 3, 9, 1, 8, 6, 3, 1, 1, 6, 5, 6, 2, 1, 13, 8, 3, 2, 1, 2, 10, 5, 5, 1, 4, 3, 1, 1, 4, 4, 2, 6, 2, 2, 5, 9, 2, 4, 6, 3, 10, 6, 6, 12, 7, 2, 12, 4, 7, 8, 10, 3, 10, 7, 1, 3, 6, 8, 10, 7, 9, 1, 9, 2, 9, 8, 3, 18, 5, 2, 1, 6, 9, 6, 6, 2, 5, 4, 3, 3, 6, 7, 5, 1, 4, 5, 6, 2, 8, 3, 2, 3, 3, 3, 5, 6, 2, 2, 3, 7, 1, 7, 9, 4, 3, 6, 6, 7, 4, 5, 10, 4, 3, 1, 2, 7, 2, 13, 7, 1, 4, 7, 7, 3, 16, 2, 10, 3, 2, 6, 1, 10, 3, 4, 12, 14, 2, 3, 2, 7, 5, 1, 19, 5, 1, 1, 1, 8, 1, 3, 6, 2, 1, 1, 2, 1, 7, 11, 3, 1, 2, 7, 5, 1, 3, 1, 4, 11, 14, 6, 1, 3, 5, 1, 6, 3, 9, 4, 1, 17, 8, 2, 1, 4, 2, 1, 5, 9, 5, 3, 7, 3, 9, 2, 1, 5, 6, 5, 3, 16, 2, 5, 7, 6, 2, 1, 6, 5, 2, 10, 4, 1, 6, 2, 8, 1, 6, 7, 6, 5, 4, 2, 7, 5, 1, 14, 3, 6, 5, 10, 6, 1, 4, 8, 1, 2, 2, 6, 7, 3, 1, 2, 1, 8, 1, 6, 8, 1, 3, 1, 1, 1, 5, 1, 1, 18, 10, 1, 10, 5, 2, 5, 4, 2, 6, 15, 2, 1, 4, 5, 2]

Run 25
Start: 1516474590.35
End: 1516474647.09
Elapsed: 56.7385549545
Scores: [22, 13, 14, 16, 5, 6, 4, 16, 4, 6, 3, 9, 3, 10, 6, 5, 5, 1, 3, 2, 11, 2, 4, 8, 7, 7, 1, 5, 4, 3, 5, 5, 4, 1, 14, 1, 10, 17, 1, 1, 2, 22, 4, 5, 8, 4, 12, 7, 8, 3, 15, 1, 4, 2, 12, 12, 8, 11, 15, 5, 7, 10, 5, 2, 2, 9, 8, 6, 8, 6, 3, 1, 16, 6, 6, 16, 3, 10, 4, 8, 10, 5, 11, 5, 9, 11, 15, 4, 9, 2, 4, 4, 10, 8, 1, 5, 8, 8, 6, 6, 16, 1, 10, 8, 2, 8, 2, 16, 3, 10, 11, 5, 14, 15, 2, 7, 14, 3, 6, 9, 5, 18, 11, 2, 8, 2, 5, 7, 17, 10, 10, 3, 11, 1, 19, 9, 3, 8, 5, 3, 5, 6, 6, 11, 2, 6, 6, 7, 7, 13, 7, 4, 4, 4, 7, 5, 6, 8, 4, 13, 5, 12, 17, 4, 6, 3, 1, 17, 6, 5, 3, 1, 1, 12, 4, 2, 10, 13, 2, 2, 14, 9, 3, 9, 8, 7, 7, 4, 10, 5, 16, 9, 7, 8, 11, 7, 5, 1, 8, 13, 6, 2, 14, 13, 10, 7, 12, 6, 8, 10, 7, 8, 14, 4, 8, 7, 11, 2, 29, 10, 2, 9, 7, 4, 5, 8, 8, 3, 3, 4, 5, 2, 6, 5, 1, 5, 3, 10, 7, 3, 10, 17, 6, 3, 6, 1, 2, 7, 10, 6, 17, 5, 9, 10, 4, 3, 15, 12, 2, 4, 11, 12, 3, 17, 1, 7, 9, 11, 11, 10, 7, 6, 21, 11, 5, 2, 5, 5, 6, 1, 6, 16, 5, 15, 8, 13, 3, 5, 7, 4, 13, 2, 8, 9, 3, 1, 3, 8, 13, 16, 12, 2, 11, 17, 4, 7, 5, 5, 6, 8, 6, 8, 6, 7, 15, 7, 3, 2, 8, 4, 1, 12, 13, 3, 12, 7, 8, 4, 7, 11, 4, 3, 9, 4, 4, 3, 6, 3, 3, 8, 2, 2, 6, 17, 4, 6, 14, 4, 7, 8, 10, 1, 7, 1, 14, 1, 7, 2, 1, 8, 4, 5, 9, 11, 9, 4, 14, 14, 11, 1, 10, 6, 1, 6, 11, 1, 11, 3, 5, 7, 13, 4, 3, 5, 15, 13, 11, 3, 6, 1, 14, 8, 5, 14, 1, 21, 15, 15, 3, 7, 1, 7, 2, 7, 13, 2, 4, 9, 15, 1, 1, 5, 6, 6, 5, 16, 7, 2, 1, 1, 5, 3, 5, 10, 2, 11, 18, 19, 11, 11, 4, 7, 1, 10, 8, 2, 9, 9, 7, 8, 11, 12, 13, 17, 4, 5, 6, 7, 3, 2, 17, 3, 8, 4, 10, 2, 5, 9, 15, 13, 12, 1, 5, 5, 7, 3, 11, 3, 11, 1, 6, 8, 14, 2, 8, 11, 15, 2, 6, 8, 7, 13, 17, 15, 10, 4, 12, 7, 10, 11, 1, 3, 7, 2, 9, 6, 12, 17, 2, 4]

Run 26
Start: 1516474647.64
End: 1516474705.53
Elapsed: 57.8905320168
Scores: [25, 7, 11, 16, 1, 13, 14, 3, 17, 5, 14, 15, 18, 14, 19, 18, 1, 28, 12, 7, 9, 15, 7, 15, 5, 16, 9, 9, 18, 11, 8, 14, 8, 17, 21, 20, 16, 5, 18, 11, 15, 1, 18, 4, 7, 5, 15, 15, 15, 17, 18, 14, 14, 3, 6, 10, 13, 5, 1, 15, 9, 15, 8, 16, 9, 5, 6, 1, 22, 16, 13, 12, 5, 22, 4, 18, 21, 1, 2, 22, 1, 18, 2, 11, 17, 9, 1, 14, 15, 15, 1, 9, 12, 16, 20, 21, 9, 16, 1, 19, 9, 9, 8, 18, 18, 15, 5, 2, 9, 18, 7, 3, 10, 14, 8, 8, 16, 4, 19, 16, 4, 31, 28, 8, 6, 17, 19, 21, 1, 17, 18, 5, 15, 6, 2, 2, 13, 16, 7, 19, 17, 19, 15, 4, 27, 14, 18, 12, 5, 17, 22, 16, 19, 16, 2, 10, 14, 20, 9, 7, 4, 19, 10, 5, 3, 5, 9, 6, 19, 6, 5, 5, 19, 17, 3, 16, 15, 24, 21, 16, 3, 17, 19, 3, 11, 15, 23, 9, 14, 1, 2, 15, 14, 13, 6, 4, 17, 2, 6, 8, 9, 20, 24, 1, 7, 14, 8, 14, 22, 13, 17, 16, 19, 18, 13, 5, 1, 18, 5, 6, 8, 18, 8, 13, 19, 2, 15, 6, 17, 4, 1, 7, 14, 19, 7, 4, 6, 14, 18, 9, 24, 1, 21, 15, 15, 19, 1, 2, 19, 8, 1, 6, 18, 14, 15, 7, 17, 19, 6, 26, 1, 10, 6, 18, 19, 12, 8, 14, 15, 3, 23, 18, 9, 10, 4, 13, 15, 11, 7, 18, 1, 22, 16, 5, 9, 7, 22, 24, 13, 8, 7, 3, 18, 4, 14, 13, 9, 9, 15, 14, 1, 13, 16, 16, 17, 13, 20, 24, 2, 14, 15, 19, 19, 10, 6, 6, 7, 5, 14, 2, 26, 7, 1, 2, 7, 7, 1, 20, 4, 7, 11, 15, 8, 17, 4, 17, 8, 5, 12, 16, 22, 8, 6, 22, 23, 11, 15, 21, 18, 17, 16, 14, 2, 16, 3, 22, 11, 18, 13, 18, 3, 1, 9, 10, 10, 8, 18, 20, 15, 19, 4, 21, 1, 17, 11, 4, 19, 18, 5, 6, 13, 7, 21, 18, 6, 10, 2, 11, 13, 13, 2, 6, 5, 12, 22, 6, 8, 14, 5, 5, 9, 2, 16, 3, 14, 1, 9, 18, 21, 5, 7, 2, 6, 23, 1, 20, 20, 6, 19, 21, 17, 9, 14, 9, 9, 8, 24, 19, 1, 13, 9, 18, 3, 1, 23, 16, 10, 3, 5, 15, 6, 20, 1, 14, 18, 3, 3, 20, 16, 11, 14, 24, 14, 17, 16, 6, 14, 2, 15, 14, 1, 16, 20, 22, 19, 3, 18, 10, 1, 18, 3, 11, 9, 1, 20, 19, 20, 23, 5, 18, 14, 3, 26, 8, 8, 18, 1, 8, 2, 20, 20, 22, 16, 11, 18, 17, 18, 11, 2, 7]

Run 27
Start: 1516474706.4
End: 1516474756.86
Elapsed: 50.4590620995
Scores: [9, 1, 1, 3, 3, 4, 5, 10, 6, 4, 7, 2, 2, 5, 10, 2, 6, 1, 6, 16, 6, 3, 6, 4, 1, 17, 1, 3, 1, 15, 8, 2, 2, 5, 8, 4, 2, 6, 7, 1, 3, 4, 4, 2, 1, 2, 1, 6, 5, 8, 2, 5, 4, 2, 1, 2, 5, 5, 7, 3, 3, 10, 1, 5, 9, 8, 1, 1, 1, 2, 8, 1, 2, 1, 3, 5, 8, 8, 5, 7, 2, 1, 2, 4, 7, 1, 6, 7, 3, 1, 3, 2, 7, 8, 7, 1, 4, 12, 6, 10, 8, 6, 7, 4, 5, 2, 2, 3, 2, 10, 20, 2, 4, 2, 7, 6, 10, 3, 3, 2, 1, 4, 2, 6, 3, 2, 8, 9, 8, 5, 1, 8, 6, 3, 1, 8, 1, 3, 7, 6, 6, 2, 5, 4, 12, 8, 4, 2, 1, 1, 3, 6, 3, 9, 1, 8, 2, 1, 1, 11, 4, 2, 5, 7, 6, 8, 15, 4, 1, 6, 1, 2, 3, 2, 5, 7, 5, 2, 9, 1, 2, 7, 4, 6, 11, 3, 4, 1, 6, 12, 10, 3, 8, 9, 9, 4, 4, 9, 3, 7, 1, 1, 4, 9, 1, 4, 2, 2, 2, 3, 4, 6, 3, 1, 2, 1, 1, 2, 6, 11, 2, 10, 3, 2, 4, 10, 4, 3, 2, 4, 9, 3, 14, 1, 1, 12, 2, 1, 6, 7, 2, 12, 15, 10, 1, 2, 11, 10, 4, 6, 4, 6, 2, 6, 9, 1, 3, 3, 3, 1, 1, 7, 6, 3, 3, 7, 1, 1, 1, 1, 11, 8, 6, 9, 5, 11, 3, 3, 6, 2, 9, 4, 11, 4, 2, 1, 3, 2, 6, 3, 4, 3, 5, 7, 6, 3, 9, 3, 3, 1, 6, 3, 1, 14, 2, 10, 3, 1, 5, 8, 2, 3, 5, 3, 3, 4, 12, 6, 3, 1, 4, 1, 1, 4, 1, 11, 6, 6, 7, 4, 7, 2, 9, 7, 6, 1, 1, 4, 5, 4, 3, 4, 1, 7, 1, 2, 11, 2, 3, 4, 5, 5, 6, 3, 7, 2, 3, 5, 7, 8, 3, 1, 3, 2, 6, 5, 4, 5, 7, 6, 1, 2, 2, 3, 4, 4, 15, 3, 2, 9, 4, 5, 1, 5, 1, 3, 5, 6, 4, 5, 1, 5, 7, 6, 6, 10, 8, 2, 1, 4, 8, 1, 1, 1, 5, 5, 2, 8, 1, 1, 2, 5, 2, 3, 7, 11, 11, 1, 3, 2, 1, 9, 3, 4, 8, 1, 4, 5, 4, 7, 8, 5, 3, 2, 10, 11, 2, 4, 1, 5, 4, 6, 7, 1, 3, 3, 5, 10, 15, 3, 2, 7, 3, 2, 6, 6, 8, 10, 5, 7, 6, 15, 6, 7, 5, 1, 5, 6, 1, 4, 4, 1, 6, 8, 4, 3, 1, 5, 3, 4, 4, 4, 4, 8, 5, 1, 6, 12, 2, 14, 9, 3, 1, 6, 1, 1, 1, 2, 8, 2]

Run 28
Start: 1516474757.33
End: 1516474799.5
Elapsed: 42.1699440479
Scores: [5, 7, 1, 6, 2, 8, 6, 6, 4, 3, 7, 6, 3, 3, 8, 2, 11, 1, 10, 4, 8, 10, 14, 5, 7, 6, 13, 6, 5, 4, 13, 7, 9, 7, 7, 1, 9, 4, 16, 2, 5, 1, 12, 6, 5, 4, 4, 7, 2, 3, 1, 2, 1, 4, 3, 3, 11, 6, 2, 9, 7, 4, 7, 6, 13, 7, 9, 12, 7, 12, 4, 3, 14, 4, 10, 8, 4, 8, 5, 5, 3, 7, 5, 1, 6, 2, 1, 8, 2, 5, 12, 4, 1, 10, 4, 1, 18, 10, 2, 5, 9, 6, 2, 2, 6, 4, 5, 2, 6, 6, 2, 8, 5, 2, 6, 2, 1, 4, 14, 5, 5, 6, 1, 3, 1, 6, 8, 2, 7, 14, 4, 12, 8, 5, 5, 7, 1, 7, 8, 6, 10, 10, 13, 3, 18, 6, 9, 2, 15, 3, 3, 3, 2, 8, 7, 3, 11, 7, 4, 3, 9, 9, 9, 10, 5, 2, 8, 1, 1, 11, 3, 6, 1, 3, 1, 14, 4, 2, 6, 3, 7, 4, 10, 2, 11, 3, 1, 1, 4, 2, 1, 10, 1, 9, 5, 10, 4, 2, 2, 3, 6, 4, 2, 2, 9, 2, 6, 5, 3, 12, 19, 8, 2, 2, 9, 7, 1, 6, 17, 5, 6, 8, 10, 8, 9, 1, 4, 11, 10, 3, 1, 1, 3, 4, 11, 7, 5, 4, 17, 4, 3, 3, 4, 3, 14, 3, 3, 3, 4, 10, 3, 7, 7, 20, 4, 3, 2, 2, 9, 2, 7, 10, 14, 2, 7, 10, 3, 13, 1, 8, 2, 3, 4, 7, 2, 7, 4, 7, 11, 3, 2, 10, 1, 4, 3, 6, 12, 4, 3, 2, 12, 10, 4, 8, 11, 2, 2, 5, 2, 13, 6, 2, 4, 7, 2, 17, 10, 15, 3, 6, 3, 1, 7, 4, 7, 7, 5, 13, 2, 4, 1, 12, 6, 6, 3, 4, 7, 2, 2, 3, 9, 2, 5, 7, 4, 1, 2, 11, 5, 3, 9, 10, 8, 3, 5, 10, 1, 1, 10, 3, 1, 8, 1, 2, 3, 2, 1, 6, 10, 11, 2, 13, 2, 8, 3, 5, 1, 2, 7, 2, 6, 1, 4, 2, 7, 7, 2, 3, 1, 8, 1, 6, 1, 2, 2, 5, 2, 7, 4, 6, 10, 2, 6, 16, 4, 7, 2, 1, 6, 4, 1, 7, 5, 5, 9, 5, 6, 5, 1, 1, 1, 3, 7, 2, 9, 3, 3, 1, 7, 7, 3, 1, 1, 3, 4, 1, 8, 8, 4, 15, 3, 6, 5, 9, 6, 6, 1, 18, 3, 15, 4, 4, 5, 7, 10, 10, 13, 3, 4, 5, 7, 7, 5, 18, 1, 4, 2, 1, 12, 18, 6, 6, 4, 8, 7, 11, 3, 6, 11, 13, 5, 2, 6, 11, 1, 11, 1, 7, 14, 4, 7, 4, 5, 9, 5, 2, 10, 10, 7, 1, 10, 4, 4, 3, 13, 10, 1, 2, 8, 9]

Run 29
Start: 1516474799.95
End: 1516474873.38
Elapsed: 73.4237639904
Scores: [21, 18, 23, 25, 30, 22, 27, 0, 9, 26, 27, 20, 10, 25, 21, 10, 27, 18, 15, 8, 1, 27, 2, 30, 20, 0, 16, 21, 21, 22, 17, 10, 16, 31, 7, 17, 21, 10, 5, 24, 11, 4, 26, 17, 14, 17, 31, 21, 10, 21, 21, 20, 18, 16, 12, 17, 6, 22, 21, 21, 31, 0, 11, 22, 0, 29, 16, 22, 18, 14, 22, 23, 22, 12, 14, 17, 20, 22, 19, 14, 17, 27, 21, 30, 7, 0, 21, 20, 26, 25, 7, 0, 25, 15, 24, 7, 23, 13, 0, 20, 0, 23, 21, 0, 5, 18, 0, 17, 26, 6, 22, 9, 14, 24, 3, 18, 21, 20, 22, 11, 23, 22, 17, 16, 3, 0, 13, 36, 4, 0, 16, 32, 27, 0, 0, 19, 22, 0, 7, 23, 21, 24, 0, 11, 23, 21, 19, 22, 18, 23, 16, 4, 16, 0, 21, 17, 22, 9, 20, 3, 20, 17, 16, 5, 21, 23, 14, 27, 27, 17, 25, 22, 10, 0, 22, 25, 25, 23, 22, 19, 13, 19, 30, 23, 10, 24, 27, 17, 14, 19, 21, 18, 10, 28, 0, 22, 21, 21, 22, 19, 34, 17, 0, 0, 31, 12, 14, 4, 23, 25, 0, 0, 17, 5, 21, 10, 13, 9, 26, 0, 39, 15, 16, 29, 24, 20, 19, 6, 19, 21, 8, 0, 6, 12, 21, 22, 22, 16, 18, 19, 15, 2, 15, 19, 16, 0, 22, 31, 0, 18, 22, 17, 17, 14, 27, 22, 30, 0, 26, 12, 31, 22, 24, 24, 6, 16, 9, 12, 10, 10, 19, 24, 15, 0, 22, 15, 18, 23, 1, 18, 0, 17, 20, 17, 22, 23, 22, 18, 22, 18, 21, 12, 1, 0, 29, 10, 0, 21, 16, 2, 33, 24, 16, 19, 31, 30, 22, 18, 17, 20, 17, 13, 3, 0, 18, 24, 7, 12, 14, 19, 26, 12, 13, 20, 26, 21, 29, 23, 13, 0, 17, 20, 16, 21, 24, 2, 4, 0, 14, 24, 27, 18, 14, 12, 0, 0, 21, 8, 29, 6, 17, 23, 11, 0, 10, 12, 22, 22, 16, 23, 15, 11, 17, 14, 13, 16, 5, 27, 0, 5, 20, 1, 16, 22, 22, 13, 24, 23, 24, 0, 19, 6, 10, 13, 16, 23, 0, 15, 21, 17, 0, 19, 11, 12, 18, 5, 18, 17, 7, 16, 11, 23, 21, 15, 17, 10, 9, 19, 24, 16, 19, 8, 22, 21, 13, 17, 1, 13, 19, 17, 22, 26, 17, 26, 0, 28, 18, 9, 22, 23, 14, 24, 26, 16, 16, 27, 24, 4, 20, 3, 19, 1, 25, 0, 19, 26, 20, 18, 19, 6, 17, 1, 0, 23, 12, 24, 24, 0, 20, 23, 16, 24, 11, 21, 20, 20, 23, 13, 30, 0, 23, 24, 15, 17, 22, 21, 2, 32, 0, 5, 23, 22, 19, 26, 14, 3, 27, 0, 0, 0, 17, 19, 20, 7, 0, 17, 25, 4, 0, 27]

