Run 0
Start: 1516468654.31
End: 1516469316.82
Elapsed: 662.510798931
Scores: [17, 23, 22, 7, 16, 32, 23, 26, 2, 26, 27, 1, 13, 5, 19, 29, 19, 2, 6, 4, 17, 2, 16, 18, 16, 24, 32, 6, 1, 15, 29, 21, 17, 19, 29, 10, 16, 21, 33, 25, 23, 18, 4, 10, 17, 2, 20, 25, 9, 6, 2, 20, 31, 7, 1, 2, 24, 5, 15, 18, 18, 8, 23, 25, 15, 14, 18, 3, 16, 10, 17, 18, 19, 22, 14, 16, 6, 22, 22, 26, 16, 20, 24, 20, 22, 9, 13, 22, 18, 15, 6, 6, 34, 16, 18, 28, 24, 31, 16, 25, 25, 25, 22, 4, 20, 13, 20, 23, 22, 4, 15, 20, 20, 21, 21, 13, 20, 30, 20, 40, 20, 18, 24, 14, 26, 33, 28, 7, 15, 20, 13, 4, 12, 1, 18, 18, 3, 19, 6, 36, 22, 15, 17, 22, 25, 2, 27, 6, 24, 18, 25, 20, 3, 33, 15, 7, 23, 8, 10, 19, 18, 9, 24, 27, 17, 21, 21, 10, 16, 18, 40, 20, 19, 7, 19, 26, 23, 14, 9, 24, 20, 24, 13, 9, 19, 21, 6, 17, 21, 29, 19, 19, 13, 9, 21, 23, 25, 4, 11, 17, 24, 21, 21, 24, 6, 16, 23, 16, 2, 9, 23, 14, 27, 3, 13, 23, 1, 17, 16, 18, 7, 19, 15, 22, 26, 7, 16, 20, 23, 27, 18, 25, 20, 18, 13, 20, 9, 13, 4, 19, 21, 17, 3, 23, 30, 7, 6, 24, 15, 21, 18, 23, 31, 18, 17, 15, 7, 18, 15, 1, 3, 7, 21, 15, 2, 19, 19, 22, 28, 14, 16, 31, 14, 30, 28, 26, 24, 11, 11, 24, 16, 17, 10, 16, 9, 21, 2, 21, 24, 16, 24, 3, 14, 9, 27, 13, 22, 25, 21, 4, 9, 17, 19, 24, 3, 24, 25, 25, 17, 13, 18, 28, 16, 11, 22, 20, 17, 34, 18, 19, 13, 17, 21, 25, 25, 6, 1, 20, 18, 23, 30, 7, 17, 27, 17, 18, 14, 14, 20, 16, 22, 8, 24, 8, 10, 15, 21, 13, 15, 25, 17, 17, 26, 2, 22, 20, 26, 4, 11, 23, 31, 7, 25, 22, 21, 2, 31, 14, 10, 9, 12, 20, 6, 1, 25, 5, 13, 31, 27, 10, 18, 10, 21, 8, 17, 6, 21, 24, 15, 2, 8, 21, 18, 20, 12, 21, 18, 28, 27, 18, 18, 17, 17, 20, 21, 10, 4, 18, 43, 31, 13, 5, 26, 4, 27, 10, 19, 22, 17, 16, 21, 25, 16, 19, 25, 21, 14, 22, 26, 17, 15, 6, 22, 25, 28, 22, 22, 18, 15, 15, 27, 4, 6, 11, 20, 9, 13, 5, 15, 24, 17, 10, 7, 21, 19, 24, 33, 29, 29, 27, 18, 17, 19, 13, 26, 32, 14, 18, 4, 17, 18, 18, 25, 17, 4, 15, 21, 5, 16, 1, 20, 24, 7, 21, 16, 17, 4, 18, 24, 15, 21, 20, 17, 18, 7, 16, 29, 24, 26, 4]

Run 1
Start: 1516469318.49
End: 1516469772.85
Elapsed: 454.358239174
Scores: [14, 24, 14, 17, 17, 4, 1, 1, 3, 28, 1, 14, 25, 27, 16, 23, 20, 25, 18, 7, 20, 24, 5, 25, 21, 6, 27, 12, 15, 17, 15, 30, 1, 31, 35, 5, 3, 5, 18, 14, 23, 14, 37, 13, 1, 8, 1, 3, 19, 1, 1, 18, 5, 13, 28, 29, 14, 16, 20, 13, 7, 19, 15, 15, 13, 10, 17, 21, 17, 12, 15, 15, 11, 13, 1, 7, 26, 25, 23, 28, 23, 12, 24, 16, 24, 18, 32, 19, 7, 14, 20, 17, 16, 27, 8, 15, 26, 19, 24, 1, 20, 16, 21, 23, 15, 17, 23, 15, 16, 10, 26, 15, 13, 18, 20, 22, 26, 32, 14, 16, 2, 9, 12, 31, 2, 24, 30, 14, 30, 23, 13, 20, 10, 23, 20, 21, 11, 1, 17, 25, 21, 20, 19, 16, 32, 28, 16, 19, 13, 1, 13, 3, 13, 1, 24, 13, 15, 23, 5, 2, 11, 22, 17, 23, 24, 24, 28, 15, 21, 15, 11, 17, 17, 28, 20, 14, 31, 7, 14, 13, 18, 26, 16, 22, 14, 7, 14, 19, 14, 14, 12, 7, 7, 7, 29, 19, 17, 26, 13, 17, 5, 18, 25, 3, 8, 33, 21, 9, 9, 35, 18, 5, 2, 22, 6, 24, 4, 4, 24, 25, 1, 22, 21, 14, 26, 13, 22, 16, 19, 18, 30, 22, 19, 1, 15, 31, 26, 26, 14, 21, 20, 25, 2, 23, 19, 16, 25, 5, 24, 10, 7, 1, 16, 12, 22, 1, 4, 26, 20, 15, 2, 17, 25, 6, 5, 36, 18, 17, 15, 1, 26, 10, 28, 15, 23, 25, 23, 1, 21, 20, 3, 2, 16, 14, 11, 24, 19, 12, 3, 25, 17, 10, 15, 15, 29, 11, 15, 12, 17, 19, 15, 23, 9, 24, 5, 10, 18, 12, 14, 4, 32, 4, 13, 17, 21, 17, 4, 18, 1, 13, 9, 19, 25, 15, 16, 17, 12, 17, 9, 11, 1, 30, 24, 19, 16, 29, 15, 9, 5, 9, 14, 23, 13, 15, 8, 8, 20, 18, 10, 22, 20, 4, 18, 13, 10, 8, 17, 20, 11, 25, 9, 4, 6, 25, 1, 12, 16, 9, 1, 7, 26, 8, 28, 13, 22, 3, 2, 26, 22, 24, 13, 19, 22, 17, 2, 23, 27, 27, 19, 19, 26, 20, 2, 6, 10, 23, 26, 20, 18, 2, 9, 7, 15, 10, 24, 24, 18, 20, 9, 28, 14, 20, 44, 13, 20, 33, 21, 19, 7, 19, 26, 18, 3, 13, 17, 6, 15, 11, 3, 22, 13, 8, 8, 1, 24, 3, 14, 16, 13, 12, 19, 32, 24, 16, 28, 25, 22, 6, 22, 24, 5, 16, 9, 3, 21, 25, 9, 11, 20, 12, 23, 15, 25, 30, 23, 22, 10, 1, 12, 20, 20, 11, 14, 21, 24, 14, 14, 24, 4, 5, 25, 9, 3, 10, 11, 26, 24, 24, 11, 29, 12, 37, 11, 22, 5, 25, 18, 9, 5, 16]

Run 2
Start: 1516469773.87
End: 1516470740.43
Elapsed: 966.558885098
Scores: [13, 1, 6, 22, 19, 26, 41, 36, 26, 38, 28, 32, 42, 31, 10, 18, 9, 32, 18, 44, 3, 11, 39, 5, 37, 26, 1, 27, 26, 6, 34, 8, 9, 17, 60, 32, 53, 11, 14, 34, 38, 10, 9, 1, 37, 34, 32, 32, 30, 12, 1, 21, 36, 13, 27, 18, 24, 2, 23, 32, 6, 12, 20, 24, 44, 20, 5, 3, 10, 21, 13, 53, 14, 16, 43, 7, 4, 17, 17, 4, 18, 37, 16, 2, 27, 1, 9, 7, 24, 7, 14, 5, 10, 5, 3, 26, 22, 2, 35, 32, 30, 10, 30, 30, 14, 29, 14, 1, 18, 27, 19, 36, 15, 20, 27, 23, 15, 42, 15, 9, 23, 36, 7, 26, 8, 1, 16, 17, 1, 29, 26, 14, 31, 30, 2, 28, 5, 22, 34, 2, 28, 19, 23, 29, 44, 23, 40, 22, 25, 5, 17, 32, 29, 5, 26, 14, 6, 7, 16, 8, 23, 22, 43, 25, 1, 13, 21, 15, 34, 5, 5, 20, 36, 17, 8, 37, 20, 48, 14, 49, 6, 7, 21, 34, 33, 41, 9, 9, 18, 20, 27, 26, 13, 17, 34, 22, 39, 47, 10, 29, 14, 17, 17, 24, 33, 22, 5, 53, 7, 18, 22, 49, 29, 20, 12, 6, 15, 2, 46, 58, 21, 27, 19, 10, 28, 36, 18, 22, 4, 22, 45, 1, 22, 1, 22, 2, 16, 9, 13, 18, 24, 19, 36, 62, 1, 32, 27, 6, 4, 36, 14, 19, 15, 15, 9, 1, 45, 5, 29, 1, 9, 45, 8, 10, 29, 39, 9, 1, 1, 1, 19, 25, 62, 22, 2, 16, 1, 13, 26, 18, 35, 3, 17, 15, 10, 6, 19, 37, 25, 35, 14, 18, 2, 48, 23, 4, 17, 37, 23, 26, 26, 22, 29, 4, 29, 15, 5, 21, 46, 22, 15, 10, 42, 8, 39, 39, 43, 20, 4, 1, 41, 14, 7, 31, 3, 22, 4, 24, 24, 3, 27, 1, 18, 1, 4, 35, 15, 4, 11, 7, 20, 31, 22, 20, 20, 27, 25, 16, 6, 16, 5, 6, 28, 27, 17, 32, 44, 1, 18, 21, 9, 18, 37, 6, 40, 28, 4, 4, 9, 24, 20, 30, 41, 9, 6, 18, 27, 52, 17, 2, 16, 29, 5, 9, 22, 18, 16, 38, 19, 10, 19, 20, 21, 22, 30, 2, 17, 9, 15, 1, 22, 7, 25, 21, 23, 22, 2, 9, 3, 31, 20, 1, 29, 13, 12, 12, 5, 35, 20, 1, 19, 26, 24, 13, 16, 3, 16, 23, 21, 17, 2, 13, 9, 24, 10, 33, 6, 31, 13, 47, 34, 6, 40, 40, 18, 2, 18, 43, 31, 57, 9, 40, 7, 1, 67, 22, 12, 4, 15, 11, 26, 19, 23, 21, 21, 11, 14, 13, 16, 58, 5, 17, 25, 15, 22, 12, 13, 7, 15, 3, 1, 24, 4, 12, 46, 24, 13, 31, 15, 29, 15, 26, 36, 34, 40, 27, 35, 14, 24, 19]

Run 3
Start: 1516470744.13
End: 1516471152.78
Elapsed: 408.649988174
Scores: [12, 7, 10, 8, 6, 12, 15, 9, 3, 7, 1, 20, 2, 10, 7, 9, 13, 5, 12, 8, 14, 11, 4, 13, 5, 2, 8, 15, 11, 5, 3, 19, 3, 15, 7, 15, 3, 15, 15, 2, 18, 4, 6, 19, 12, 18, 11, 7, 8, 7, 5, 22, 6, 5, 13, 9, 8, 18, 6, 11, 6, 20, 3, 11, 9, 9, 6, 15, 14, 10, 3, 8, 9, 18, 3, 7, 6, 7, 3, 2, 18, 3, 18, 14, 5, 8, 12, 3, 7, 3, 14, 11, 17, 14, 4, 13, 10, 16, 7, 6, 3, 13, 2, 11, 9, 11, 12, 15, 20, 12, 12, 14, 25, 2, 20, 1, 3, 12, 8, 7, 16, 11, 16, 9, 5, 11, 8, 12, 2, 7, 10, 17, 9, 10, 11, 4, 18, 7, 8, 8, 10, 15, 5, 6, 16, 13, 24, 5, 9, 8, 8, 12, 6, 16, 3, 8, 14, 8, 3, 14, 22, 3, 17, 6, 10, 11, 11, 12, 17, 10, 9, 23, 8, 9, 16, 18, 22, 2, 20, 4, 11, 3, 7, 8, 16, 15, 11, 16, 3, 7, 12, 12, 5, 16, 12, 2, 2, 10, 19, 7, 6, 10, 3, 6, 1, 7, 10, 10, 8, 10, 11, 9, 11, 20, 6, 21, 13, 9, 2, 9, 16, 5, 8, 4, 4, 2, 11, 3, 13, 8, 9, 9, 16, 10, 22, 12, 11, 7, 2, 10, 11, 7, 5, 3, 14, 13, 15, 14, 5, 7, 14, 2, 2, 4, 5, 13, 25, 17, 1, 3, 14, 7, 14, 2, 3, 2, 19, 8, 22, 4, 4, 2, 3, 14, 3, 17, 14, 7, 3, 4, 21, 1, 5, 20, 8, 12, 3, 5, 2, 4, 9, 19, 12, 9, 16, 21, 7, 6, 7, 23, 13, 24, 13, 16, 13, 24, 6, 17, 19, 12, 11, 5, 15, 8, 10, 5, 13, 16, 11, 18, 2, 11, 25, 4, 11, 12, 11, 16, 4, 8, 25, 5, 10, 15, 15, 15, 5, 16, 7, 4, 13, 17, 9, 14, 9, 19, 10, 15, 6, 22, 10, 1, 10, 15, 16, 21, 4, 3, 3, 2, 6, 21, 13, 17, 8, 13, 19, 4, 17, 11, 9, 20, 20, 1, 8, 11, 1, 12, 8, 14, 6, 4, 13, 7, 3, 11, 6, 7, 7, 18, 8, 2, 9, 5, 15, 6, 17, 6, 5, 18, 10, 4, 7, 19, 26, 13, 9, 8, 4, 14, 8, 7, 2, 5, 8, 29, 11, 20, 8, 5, 12, 7, 10, 4, 14, 8, 3, 11, 10, 9, 13, 14, 17, 15, 20, 6, 11, 3, 27, 27, 13, 8, 10, 12, 2, 2, 6, 10, 8, 17, 6, 24, 7, 8, 6, 16, 10, 9, 7, 1, 12, 11, 16, 11, 9, 15, 6, 2, 4, 7, 12, 7, 2, 15, 21, 12, 3, 10, 2, 7, 17, 20, 12, 3, 3, 3, 7, 6, 11, 11, 8, 4, 7, 17, 10, 1, 13, 14, 9, 6]

Run 4
Start: 1516471153.35
End: 1516471720.17
Elapsed: 566.820882082
Scores: [1, 14, 20, 19, 17, 10, 17, 14, 14, 10, 15, 23, 15, 17, 3, 18, 11, 22, 6, 3, 7, 11, 17, 15, 21, 1, 9, 17, 19, 18, 6, 21, 2, 17, 4, 18, 17, 18, 20, 18, 18, 13, 3, 14, 18, 16, 17, 14, 11, 1, 6, 12, 12, 13, 1, 18, 18, 13, 14, 7, 22, 21, 19, 21, 5, 9, 6, 10, 6, 13, 8, 16, 1, 11, 7, 8, 7, 6, 18, 1, 23, 15, 22, 19, 13, 17, 19, 22, 21, 6, 13, 16, 13, 7, 7, 11, 17, 18, 18, 15, 15, 12, 10, 15, 15, 16, 11, 13, 12, 6, 24, 13, 16, 6, 4, 5, 15, 5, 11, 6, 25, 23, 11, 22, 14, 14, 21, 4, 14, 5, 20, 19, 19, 21, 7, 14, 14, 20, 17, 5, 13, 15, 10, 6, 15, 20, 10, 17, 12, 9, 4, 18, 13, 16, 15, 13, 13, 12, 19, 14, 5, 6, 12, 22, 11, 19, 6, 1, 20, 23, 1, 9, 9, 13, 18, 6, 19, 15, 16, 17, 18, 12, 18, 16, 7, 1, 17, 18, 21, 16, 7, 23, 12, 15, 6, 17, 12, 8, 15, 1, 4, 7, 18, 9, 1, 13, 17, 7, 17, 16, 9, 19, 7, 8, 28, 13, 7, 13, 8, 15, 18, 14, 14, 16, 14, 16, 13, 1, 18, 11, 12, 17, 16, 13, 8, 19, 13, 8, 19, 1, 15, 5, 18, 10, 17, 9, 13, 13, 3, 13, 7, 27, 4, 4, 15, 20, 9, 21, 8, 16, 15, 8, 15, 6, 7, 8, 4, 11, 17, 9, 9, 5, 20, 8, 13, 1, 2, 11, 17, 5, 11, 18, 19, 17, 15, 18, 19, 17, 13, 26, 19, 19, 23, 14, 18, 16, 16, 11, 10, 10, 13, 19, 16, 15, 1, 4, 4, 12, 6, 16, 16, 20, 5, 17, 6, 5, 13, 13, 18, 5, 13, 14, 2, 18, 11, 17, 16, 3, 19, 14, 9, 12, 12, 7, 7, 16, 17, 15, 18, 8, 16, 8, 20, 18, 24, 18, 17, 3, 22, 15, 27, 15, 7, 7, 15, 19, 15, 13, 1, 18, 27, 8, 9, 6, 13, 3, 14, 21, 21, 2, 6, 23, 16, 2, 13, 17, 7, 9, 17, 26, 13, 19, 6, 15, 11, 7, 11, 5, 13, 3, 7, 16, 13, 19, 15, 4, 2, 22, 13, 15, 11, 25, 12, 2, 17, 10, 20, 6, 12, 21, 23, 1, 13, 16, 16, 15, 20, 17, 7, 20, 17, 14, 5, 18, 14, 13, 2, 9, 16, 10, 18, 14, 4, 13, 8, 15, 13, 9, 21, 16, 2, 14, 9, 14, 18, 14, 13, 15, 1, 21, 7, 11, 15, 14, 14, 14, 21, 14, 5, 13, 25, 15, 15, 10, 5, 9, 12, 17, 5, 5, 20, 5, 4, 16, 17, 14, 6, 15, 8, 13, 7, 10, 20, 17, 1, 3, 11, 9, 12, 16, 7, 14, 13, 5, 11, 12, 14, 4, 8, 16]

Run 5
Start: 1516471721.12
End: 1516472402.26
Elapsed: 681.143843889
Scores: [19, 24, 27, 29, 11, 7, 37, 29, 22, 13, 18, 27, 32, 26, 7, 24, 31, 22, 14, 21, 30, 27, 32, 24, 16, 22, 26, 21, 24, 20, 33, 30, 32, 28, 19, 29, 30, 26, 34, 29, 18, 20, 23, 26, 10, 9, 19, 4, 29, 13, 23, 18, 17, 26, 1, 22, 22, 30, 14, 24, 18, 13, 18, 22, 11, 26, 29, 16, 28, 23, 23, 25, 24, 27, 35, 5, 28, 26, 19, 27, 31, 23, 20, 34, 21, 20, 24, 21, 19, 23, 29, 33, 32, 24, 27, 32, 24, 18, 30, 18, 17, 37, 24, 25, 30, 36, 10, 21, 22, 25, 23, 16, 4, 29, 25, 15, 26, 29, 31, 6, 16, 28, 2, 29, 20, 30, 26, 25, 5, 22, 33, 10, 28, 22, 15, 23, 21, 16, 18, 27, 20, 29, 25, 24, 1, 22, 23, 24, 27, 11, 6, 28, 33, 23, 34, 6, 21, 18, 14, 22, 21, 33, 22, 21, 21, 25, 25, 23, 18, 20, 28, 12, 29, 25, 21, 4, 22, 17, 28, 26, 24, 13, 19, 25, 32, 29, 10, 21, 23, 26, 23, 23, 13, 19, 29, 21, 10, 17, 13, 31, 23, 19, 27, 29, 29, 33, 21, 31, 25, 30, 23, 22, 29, 17, 30, 26, 20, 32, 24, 21, 27, 7, 22, 29, 17, 29, 13, 22, 22, 24, 33, 21, 29, 30, 23, 31, 19, 28, 26, 27, 26, 27, 25, 28, 31, 25, 26, 23, 26, 21, 29, 22, 17, 24, 9, 17, 32, 17, 28, 17, 24, 18, 18, 22, 17, 23, 17, 18, 21, 27, 29, 17, 24, 25, 18, 29, 20, 27, 23, 11, 27, 17, 10, 20, 33, 18, 21, 16, 34, 20, 33, 20, 18, 21, 25, 16, 13, 24, 17, 35, 18, 26, 16, 24, 4, 21, 26, 22, 21, 15, 13, 24, 30, 17, 3, 29, 21, 8, 18, 34, 6, 17, 19, 16, 17, 19, 19, 30, 27, 32, 13, 24, 22, 30, 6, 23, 28, 17, 32, 22, 24, 20, 33, 14, 25, 11, 27, 21, 32, 22, 16, 26, 25, 20, 21, 16, 28, 24, 23, 17, 16, 32, 18, 25, 28, 25, 31, 19, 24, 21, 24, 26, 20, 30, 24, 18, 20, 9, 30, 21, 34, 20, 6, 16, 23, 13, 14, 29, 24, 18, 15, 22, 24, 31, 31, 22, 27, 20, 25, 18, 2, 22, 27, 25, 25, 28, 24, 3, 37, 32, 22, 32, 30, 21, 12, 5, 26, 23, 7, 5, 23, 25, 20, 26, 29, 25, 17, 31, 1, 32, 22, 27, 24, 25, 30, 21, 16, 15, 23, 18, 24, 22, 30, 27, 30, 24, 13, 2, 29, 32, 23, 25, 20, 17, 29, 15, 28, 29, 12, 29, 27, 25, 9, 28, 23, 33, 1, 5, 22, 9, 5, 31, 22, 4, 19, 19, 20, 26, 23, 28, 18, 32, 15, 28, 18, 28, 26, 4, 32, 26, 15, 32, 21, 17, 30, 19, 18, 24, 28, 23]

Run 6
Start: 1516472404.46
End: 1516473205.22
Elapsed: 800.765405178
Scores: [9, 1, 19, 20, 23, 26, 6, 6, 6, 1, 7, 22, 6, 20, 20, 2, 10, 16, 8, 2, 13, 7, 3, 2, 7, 15, 9, 27, 10, 25, 16, 18, 25, 11, 16, 12, 17, 22, 21, 5, 14, 1, 16, 13, 9, 10, 24, 18, 20, 18, 8, 17, 1, 1, 5, 11, 23, 3, 18, 3, 10, 23, 5, 24, 9, 8, 12, 8, 5, 3, 2, 18, 27, 13, 16, 7, 18, 6, 10, 12, 3, 28, 13, 9, 16, 8, 2, 18, 14, 13, 10, 16, 6, 5, 6, 5, 32, 4, 3, 3, 25, 14, 9, 13, 20, 9, 9, 22, 22, 15, 15, 16, 10, 13, 20, 17, 18, 3, 20, 8, 1, 14, 18, 11, 14, 2, 8, 6, 7, 13, 17, 17, 14, 6, 11, 16, 7, 9, 2, 15, 4, 23, 18, 9, 15, 20, 27, 17, 20, 3, 1, 8, 7, 9, 13, 13, 5, 6, 26, 2, 22, 15, 4, 33, 29, 16, 12, 14, 9, 21, 17, 13, 13, 7, 10, 12, 21, 20, 11, 20, 19, 4, 18, 11, 11, 11, 22, 9, 13, 18, 13, 10, 10, 16, 6, 5, 9, 11, 1, 25, 25, 9, 17, 2, 10, 9, 17, 14, 13, 14, 12, 5, 16, 19, 3, 19, 28, 31, 4, 18, 14, 27, 19, 12, 3, 10, 15, 11, 21, 13, 23, 5, 15, 3, 5, 10, 19, 20, 7, 11, 22, 18, 13, 21, 24, 9, 18, 11, 15, 1, 16, 28, 16, 15, 10, 3, 22, 24, 13, 1, 8, 20, 10, 18, 12, 10, 19, 15, 12, 15, 6, 6, 1, 18, 15, 3, 12, 16, 3, 11, 24, 14, 8, 2, 13, 3, 17, 4, 21, 13, 15, 16, 11, 18, 6, 10, 6, 6, 25, 3, 14, 25, 17, 10, 20, 4, 10, 10, 1, 14, 13, 5, 9, 6, 7, 8, 9, 6, 14, 13, 11, 3, 20, 16, 11, 25, 8, 7, 3, 21, 17, 17, 2, 10, 10, 3, 21, 2, 19, 5, 13, 8, 18, 1, 15, 13, 7, 1, 7, 9, 12, 4, 20, 14, 16, 30, 14, 32, 5, 1, 15, 15, 7, 29, 17, 12, 13, 8, 17, 19, 21, 21, 28, 11, 13, 8, 15, 6, 7, 14, 16, 2, 13, 16, 3, 17, 8, 22, 6, 29, 18, 17, 5, 23, 16, 9, 5, 16, 16, 9, 13, 15, 7, 10, 12, 2, 13, 5, 16, 26, 18, 3, 35, 17, 9, 22, 8, 13, 22, 8, 24, 11, 31, 19, 1, 23, 15, 13, 10, 19, 23, 18, 14, 14, 34, 1, 14, 13, 21, 22, 31, 12, 13, 10, 19, 11, 24, 14, 14, 11, 3, 3, 3, 14, 12, 2, 1, 9, 15, 7, 6, 19, 9, 23, 4, 11, 19, 8, 16, 10, 20, 14, 10, 12, 30, 1, 18, 11, 7, 9, 1, 17, 15, 19, 2, 10, 8, 18, 2, 13, 6, 6, 14, 17, 1, 9, 20, 27, 7, 10]

Run 7
Start: 1516473207.42
End: 1516473745.47
Elapsed: 538.043214798
Scores: [33, 33, 14, 1, 15, 15, 1, 28, 19, 13, 15, 0, 19, 20, 6, 29, 24, 21, 16, 14, 1, 15, 19, 20, 12, 20, 24, 18, 22, 22, 22, 17, 25, 26, 16, 11, 19, 0, 24, 31, 17, 0, 30, 23, 18, 8, 14, 28, 19, 0, 19, 21, 23, 0, 16, 22, 7, 19, 30, 24, 0, 16, 16, 13, 16, 7, 13, 23, 17, 1, 30, 14, 18, 14, 14, 19, 0, 21, 9, 8, 22, 7, 1, 13, 32, 17, 22, 2, 21, 20, 0, 11, 10, 19, 22, 19, 15, 14, 10, 26, 1, 0, 0, 26, 16, 18, 22, 3, 0, 15, 25, 24, 18, 38, 1, 15, 6, 27, 7, 26, 25, 0, 6, 13, 27, 18, 0, 6, 20, 0, 23, 26, 18, 23, 6, 5, 0, 25, 14, 16, 13, 17, 18, 36, 18, 1, 16, 27, 20, 11, 19, 17, 17, 21, 14, 5, 1, 20, 35, 4, 18, 31, 9, 17, 22, 16, 2, 0, 24, 15, 11, 19, 15, 18, 21, 4, 11, 15, 21, 0, 13, 0, 19, 32, 2, 18, 17, 12, 21, 17, 17, 21, 16, 20, 2, 19, 0, 0, 15, 15, 0, 6, 16, 0, 16, 18, 21, 22, 25, 13, 1, 20, 19, 19, 19, 10, 1, 18, 19, 0, 19, 19, 24, 0, 37, 18, 17, 8, 24, 29, 16, 25, 0, 22, 9, 22, 20, 6, 31, 13, 6, 11, 18, 17, 13, 17, 20, 6, 16, 19, 18, 10, 18, 18, 2, 27, 22, 0, 20, 17, 6, 23, 0, 2, 13, 0, 1, 17, 1, 18, 28, 7, 23, 29, 18, 27, 23, 5, 2, 23, 12, 22, 16, 23, 1, 26, 16, 27, 18, 16, 23, 26, 1, 15, 37, 21, 23, 25, 17, 18, 17, 1, 14, 15, 9, 42, 27, 27, 6, 36, 13, 15, 0, 26, 13, 27, 8, 7, 22, 10, 16, 19, 15, 9, 28, 26, 0, 0, 19, 19, 0, 21, 28, 30, 16, 15, 21, 28, 0, 11, 1, 19, 18, 11, 17, 15, 18, 23, 5, 4, 0, 4, 17, 5, 17, 6, 9, 36, 24, 12, 0, 23, 22, 27, 16, 17, 29, 18, 15, 16, 22, 26, 18, 3, 0, 20, 11, 19, 23, 7, 19, 20, 0, 27, 0, 24, 8, 22, 17, 20, 25, 19, 6, 10, 24, 23, 1, 8, 21, 9, 32, 30, 6, 16, 11, 17, 28, 19, 21, 10, 17, 16, 0, 21, 13, 28, 9, 7, 21, 20, 16, 20, 27, 0, 6, 14, 19, 30, 0, 20, 15, 23, 0, 24, 23, 0, 30, 25, 18, 1, 14, 19, 15, 1, 26, 10, 14, 15, 0, 11, 8, 36, 24, 13, 12, 11, 20, 20, 11, 20, 15, 22, 14, 0, 1, 0, 22, 21, 21, 20, 16, 0, 0, 0, 8, 5, 15, 14, 0, 22, 19, 19, 5, 19, 16, 15, 21, 2, 17, 17, 24, 25, 18, 0, 2, 23, 34, 9, 16, 18]

Run 16
Start: 1516473406.48
End: 1516473807.08
Elapsed: 400.600017071
Scores: [8, 7, 4, 3, 5, 10, 9, 1, 10, 5, 10, 5, 9, 4, 9, 4, 13, 9, 1, 4, 5, 4, 3, 11, 1, 2, 8, 4, 6, 2, 3, 7, 11, 8, 2, 1, 11, 4, 2, 3, 5, 1, 3, 4, 1, 6, 10, 1, 4, 3, 5, 3, 2, 1, 4, 1, 1, 1, 1, 5, 11, 8, 2, 3, 10, 4, 1, 1, 3, 11, 2, 1, 3, 1, 1, 10, 12, 9, 1, 4, 6, 6, 8, 3, 7, 7, 4, 4, 3, 3, 2, 2, 4, 6, 1, 1, 1, 4, 7, 5, 3, 4, 1, 5, 4, 2, 2, 1, 9, 1, 3, 3, 5, 3, 12, 7, 10, 5, 7, 1, 5, 9, 5, 1, 7, 5, 1, 3, 11, 1, 3, 8, 6, 2, 3, 10, 5, 2, 1, 1, 1, 4, 1, 3, 4, 8, 6, 8, 1, 1, 1, 1, 2, 9, 5, 2, 1, 8, 9, 10, 1, 3, 8, 8, 3, 1, 5, 2, 2, 3, 9, 9, 2, 5, 7, 3, 2, 7, 4, 1, 8, 1, 11, 7, 3, 2, 1, 7, 1, 12, 6, 1, 1, 9, 13, 1, 11, 9, 4, 4, 9, 13, 4, 2, 1, 10, 7, 7, 2, 5, 2, 9, 6, 8, 8, 2, 1, 7, 7, 10, 5, 3, 2, 11, 3, 8, 5, 1, 5, 3, 3, 3, 5, 7, 2, 6, 3, 7, 10, 8, 5, 1, 3, 5, 16, 6, 8, 3, 16, 2, 7, 6, 7, 9, 4, 2, 7, 1, 3, 3, 5, 1, 3, 2, 5, 1, 12, 2, 1, 9, 8, 1, 4, 1, 10, 3, 3, 5, 3, 7, 5, 1, 7, 9, 2, 8, 6, 10, 1, 4, 2, 1, 2, 4, 1, 1, 4, 4, 5, 2, 2, 11, 1, 2, 6, 4, 1, 4, 3, 7, 11, 7, 4, 13, 4, 1, 6, 2, 1, 2, 3, 3, 7, 8, 2, 1, 12, 3, 3, 2, 4, 2, 2, 6, 8, 6, 2, 2, 6, 4, 3, 1, 2, 8, 8, 5, 1, 5, 5, 3, 3, 4, 2, 6, 3, 5, 2, 1, 1, 5, 1, 1, 4, 8, 3, 8, 7, 2, 6, 8, 1, 9, 1, 13, 6, 1, 4, 6, 8, 2, 6, 6, 3, 6, 3, 2, 1, 5, 12, 9, 5, 1, 15, 1, 1, 2, 1, 5, 1, 2, 4, 3, 4, 1, 6, 2, 3, 7, 19, 2, 1, 3, 1, 2, 2, 9, 2, 5, 2, 2, 4, 1, 4, 6, 11, 4, 6, 3, 1, 4, 2, 1, 2, 2, 3, 3, 2, 1, 1, 10, 2, 3, 2, 2, 9, 4, 2, 4, 7, 1, 4, 16, 11, 2, 1, 13, 5, 1, 6, 2, 6, 13, 6, 1, 1, 1, 2, 1, 1, 1, 8, 10, 6, 5, 1, 12, 1, 3, 1, 2, 5, 5, 8, 10, 8, 1, 1, 2, 6, 7, 3, 6, 8, 11, 4, 7, 8, 10, 2, 7]

Run 23
Start: 1516473493.01
End: 1516473909.38
Elapsed: 416.365432024
Scores: [10, 4, 3, 4, 12, 1, 11, 4, 3, 5, 2, 1, 4, 10, 2, 4, 1, 9, 7, 5, 5, 2, 2, 7, 5, 4, 1, 6, 8, 11, 6, 1, 1, 3, 1, 7, 8, 5, 11, 2, 7, 4, 8, 2, 1, 1, 1, 3, 3, 8, 5, 5, 5, 3, 1, 6, 6, 1, 7, 4, 11, 5, 2, 7, 7, 2, 3, 9, 4, 8, 6, 2, 3, 1, 4, 13, 16, 3, 3, 5, 4, 4, 3, 3, 6, 1, 1, 7, 2, 6, 8, 13, 8, 4, 22, 1, 1, 4, 5, 2, 10, 2, 1, 6, 4, 6, 5, 2, 8, 6, 8, 15, 1, 3, 2, 1, 8, 4, 1, 1, 2, 5, 7, 3, 11, 9, 2, 3, 1, 4, 3, 6, 6, 12, 3, 6, 1, 2, 3, 13, 6, 10, 4, 3, 2, 7, 4, 6, 6, 5, 8, 5, 4, 7, 2, 2, 8, 3, 2, 8, 12, 5, 10, 3, 2, 1, 3, 1, 1, 1, 9, 3, 9, 6, 1, 9, 4, 2, 3, 3, 7, 1, 4, 1, 3, 2, 4, 3, 3, 3, 2, 5, 12, 2, 6, 1, 3, 4, 12, 7, 1, 5, 6, 5, 6, 1, 8, 8, 8, 4, 5, 2, 4, 2, 4, 3, 3, 11, 11, 3, 1, 7, 1, 17, 5, 9, 3, 4, 6, 1, 4, 1, 5, 1, 3, 12, 1, 9, 9, 5, 3, 1, 7, 8, 3, 8, 5, 5, 1, 1, 6, 4, 1, 10, 6, 9, 4, 13, 4, 4, 15, 4, 3, 5, 4, 2, 3, 6, 9, 8, 3, 6, 3, 2, 2, 2, 2, 1, 1, 6, 1, 4, 7, 5, 5, 9, 4, 9, 5, 2, 2, 1, 5, 3, 5, 19, 5, 1, 6, 5, 3, 3, 9, 6, 6, 1, 5, 6, 2, 1, 7, 8, 1, 2, 6, 10, 8, 1, 5, 1, 1, 2, 9, 2, 2, 1, 4, 12, 13, 13, 6, 6, 1, 7, 12, 2, 10, 3, 2, 7, 4, 5, 4, 3, 12, 6, 14, 10, 1, 10, 3, 6, 1, 2, 5, 11, 2, 6, 3, 1, 1, 9, 3, 3, 1, 6, 2, 3, 1, 6, 10, 5, 8, 8, 8, 3, 7, 1, 3, 1, 4, 4, 10, 12, 4, 8, 1, 10, 3, 5, 3, 2, 3, 6, 1, 2, 5, 3, 6, 3, 10, 14, 10, 8, 2, 1, 5, 6, 5, 2, 9, 3, 6, 8, 2, 6, 1, 1, 4, 2, 3, 2, 1, 1, 2, 2, 4, 3, 3, 1, 3, 2, 1, 1, 3, 4, 2, 6, 13, 4, 5, 4, 2, 1, 1, 4, 6, 2, 1, 1, 11, 1, 6, 7, 4, 12, 4, 3, 11, 2, 3, 6, 1, 7, 1, 6, 4, 2, 3, 2, 8, 8, 2, 8, 8, 7, 1, 7, 9, 3, 3, 2, 1, 2, 10, 4, 6, 1, 2, 3, 1, 9, 9, 4, 11, 1, 4, 1, 3, 5]

Run 8
Start: 1516473746.46
End: 1516474389.27
Elapsed: 642.813642979
Scores: [14, 16, 9, 32, 6, 22, 2, 29, 7, 13, 3, 3, 28, 19, 16, 13, 17, 4, 25, 8, 23, 4, 23, 14, 25, 22, 3, 23, 12, 14, 10, 11, 16, 14, 14, 5, 17, 8, 29, 26, 19, 16, 14, 19, 4, 23, 19, 7, 24, 14, 4, 4, 19, 15, 21, 10, 1, 17, 17, 26, 13, 28, 13, 10, 2, 16, 15, 22, 19, 14, 15, 14, 9, 15, 16, 4, 15, 4, 12, 18, 25, 13, 6, 5, 26, 5, 31, 15, 24, 26, 11, 12, 20, 5, 29, 12, 14, 17, 9, 3, 10, 18, 13, 2, 8, 12, 35, 3, 24, 25, 24, 7, 23, 23, 10, 12, 6, 11, 11, 26, 26, 11, 10, 25, 12, 16, 10, 10, 18, 12, 21, 28, 31, 30, 11, 19, 28, 4, 33, 2, 5, 21, 20, 25, 10, 10, 12, 21, 27, 6, 17, 19, 4, 13, 10, 33, 15, 3, 30, 19, 29, 18, 17, 16, 30, 20, 15, 2, 25, 22, 9, 13, 24, 10, 18, 23, 7, 8, 16, 22, 13, 19, 14, 14, 14, 22, 8, 1, 4, 23, 7, 7, 35, 7, 7, 1, 28, 14, 3, 5, 17, 17, 5, 28, 8, 13, 14, 4, 23, 10, 9, 26, 10, 9, 17, 17, 14, 27, 15, 10, 21, 7, 2, 28, 9, 3, 16, 12, 19, 18, 25, 30, 19, 10, 6, 7, 20, 4, 14, 20, 2, 24, 6, 5, 11, 15, 2, 16, 10, 7, 22, 28, 35, 30, 25, 17, 5, 6, 17, 27, 14, 7, 23, 19, 13, 1, 17, 14, 5, 18, 22, 21, 14, 11, 13, 15, 14, 34, 4, 9, 26, 14, 22, 27, 2, 13, 8, 13, 15, 12, 26, 24, 17, 17, 22, 14, 25, 11, 25, 5, 19, 25, 18, 23, 7, 26, 1, 4, 26, 16, 17, 6, 18, 14, 1, 2, 20, 22, 22, 29, 30, 4, 33, 18, 5, 14, 9, 19, 22, 17, 7, 2, 24, 7, 1, 13, 21, 19, 14, 15, 9, 14, 11, 23, 13, 11, 11, 19, 19, 27, 27, 23, 25, 17, 4, 14, 16, 4, 9, 26, 24, 9, 5, 14, 19, 20, 23, 11, 24, 7, 7, 17, 15, 23, 13, 31, 21, 10, 4, 18, 20, 31, 15, 23, 21, 11, 20, 3, 19, 28, 16, 3, 23, 32, 9, 16, 6, 19, 9, 22, 14, 19, 24, 7, 5, 15, 14, 10, 17, 18, 25, 12, 12, 17, 20, 19, 21, 22, 17, 20, 4, 16, 23, 17, 24, 9, 16, 13, 20, 9, 26, 25, 8, 10, 5, 24, 12, 15, 10, 9, 5, 4, 21, 16, 14, 15, 22, 5, 32, 11, 20, 17, 3, 20, 29, 4, 18, 1, 7, 13, 21, 21, 19, 2, 20, 24, 13, 4, 7, 29, 12, 12, 16, 19, 10, 30, 26, 10, 33, 21, 20, 21, 23, 6, 22, 5, 25, 15, 10, 12, 21, 8, 11, 14, 27, 5, 5, 6, 22, 10]

Run 17
Start: 1516473807.83
End: 1516474453.99
Elapsed: 646.162600994
Scores: [16, 12, 7, 24, 4, 20, 4, 15, 23, 20, 12, 20, 7, 21, 8, 14, 16, 7, 14, 1, 32, 26, 25, 10, 19, 19, 10, 6, 18, 17, 18, 21, 11, 22, 24, 13, 5, 7, 5, 28, 12, 20, 13, 16, 3, 15, 11, 4, 15, 25, 12, 22, 22, 25, 24, 21, 7, 4, 17, 10, 23, 4, 23, 21, 9, 11, 8, 1, 17, 24, 14, 26, 15, 10, 2, 13, 26, 17, 18, 9, 11, 13, 20, 10, 3, 26, 16, 4, 15, 19, 17, 10, 13, 10, 8, 34, 16, 10, 6, 13, 1, 18, 18, 16, 5, 15, 19, 18, 16, 23, 5, 14, 9, 5, 1, 26, 10, 20, 3, 4, 18, 9, 13, 9, 26, 21, 18, 17, 1, 16, 15, 4, 26, 5, 32, 11, 20, 17, 5, 15, 1, 16, 18, 23, 15, 14, 13, 4, 2, 8, 17, 7, 17, 1, 16, 21, 22, 7, 1, 15, 1, 17, 14, 20, 25, 33, 12, 11, 14, 6, 4, 27, 15, 12, 5, 10, 18, 20, 14, 1, 19, 27, 4, 22, 9, 6, 2, 3, 17, 11, 6, 18, 17, 6, 12, 4, 22, 24, 22, 10, 4, 33, 17, 4, 15, 8, 5, 20, 16, 14, 22, 10, 10, 11, 16, 26, 15, 9, 18, 11, 25, 20, 6, 6, 5, 8, 16, 17, 24, 21, 21, 15, 25, 29, 31, 13, 10, 11, 10, 2, 14, 16, 28, 1, 20, 17, 24, 20, 23, 14, 2, 12, 22, 2, 15, 23, 26, 27, 21, 21, 2, 20, 17, 16, 24, 17, 17, 2, 13, 10, 9, 19, 20, 21, 19, 4, 18, 13, 28, 8, 2, 8, 3, 14, 21, 13, 26, 15, 11, 19, 1, 2, 17, 3, 27, 22, 17, 11, 19, 15, 4, 18, 18, 11, 14, 19, 18, 9, 13, 18, 16, 12, 2, 25, 14, 21, 19, 8, 24, 22, 6, 15, 2, 5, 26, 22, 10, 2, 20, 6, 21, 17, 22, 17, 2, 7, 22, 15, 19, 16, 22, 2, 18, 1, 20, 9, 20, 21, 7, 11, 21, 16, 22, 14, 10, 17, 21, 18, 21, 19, 24, 17, 21, 21, 5, 17, 20, 26, 17, 1, 7, 18, 22, 6, 3, 24, 8, 32, 17, 10, 9, 19, 21, 20, 16, 5, 15, 31, 7, 19, 7, 16, 14, 17, 19, 22, 21, 18, 10, 10, 19, 20, 7, 20, 15, 16, 28, 18, 15, 19, 19, 2, 16, 8, 20, 18, 17, 14, 11, 18, 13, 16, 17, 20, 21, 14, 11, 8, 12, 21, 19, 10, 19, 20, 10, 28, 20, 27, 11, 18, 26, 15, 12, 25, 12, 28, 2, 14, 2, 21, 2, 19, 21, 24, 23, 2, 24, 24, 8, 13, 13, 19, 15, 24, 18, 14, 16, 14, 9, 19, 20, 22, 4, 20, 19, 12, 21, 23, 4, 25, 11, 4, 7, 15, 9, 12, 18, 10, 20, 5, 25, 10, 15, 6, 23, 11, 16, 23, 11, 1]

Run 24
Start: 1516473909.97
End: 1516474647.16
Elapsed: 737.182728767
Scores: [17, 27, 16, 21, 23, 24, 16, 16, 15, 23, 18, 24, 23, 18, 14, 27, 20, 21, 22, 15, 24, 20, 16, 22, 17, 20, 25, 21, 25, 27, 11, 23, 16, 20, 15, 21, 16, 22, 19, 23, 20, 19, 26, 25, 24, 16, 29, 13, 23, 24, 15, 22, 19, 15, 22, 23, 18, 19, 25, 24, 18, 24, 15, 19, 24, 21, 26, 24, 22, 18, 20, 20, 27, 21, 18, 26, 24, 15, 20, 20, 26, 18, 19, 14, 20, 20, 13, 18, 18, 17, 22, 28, 18, 28, 14, 21, 16, 28, 22, 25, 18, 23, 20, 24, 21, 16, 22, 22, 21, 13, 30, 19, 15, 15, 15, 16, 16, 27, 20, 24, 19, 13, 24, 16, 18, 13, 22, 24, 17, 22, 14, 18, 22, 22, 20, 17, 17, 20, 18, 24, 21, 23, 17, 15, 23, 21, 20, 15, 15, 20, 21, 21, 18, 16, 12, 21, 27, 17, 19, 21, 18, 17, 20, 17, 19, 19, 18, 21, 19, 25, 23, 16, 18, 25, 21, 22, 22, 22, 23, 18, 14, 21, 19, 15, 19, 25, 18, 20, 19, 17, 21, 23, 13, 23, 25, 17, 20, 18, 24, 19, 22, 19, 27, 18, 13, 19, 19, 26, 19, 21, 18, 20, 23, 15, 19, 24, 19, 20, 19, 21, 17, 13, 26, 21, 20, 22, 19, 15, 23, 14, 15, 15, 18, 21, 18, 17, 19, 19, 24, 19, 22, 17, 19, 16, 13, 25, 24, 13, 21, 17, 21, 21, 13, 28, 26, 20, 22, 19, 23, 21, 24, 19, 22, 23, 17, 21, 13, 19, 30, 16, 16, 16, 14, 15, 22, 21, 18, 22, 25, 21, 25, 21, 22, 22, 17, 22, 21, 26, 13, 18, 21, 14, 20, 18, 17, 17, 18, 19, 23, 25, 28, 15, 14, 21, 29, 19, 22, 20, 18, 28, 24, 21, 19, 14, 24, 16, 13, 13, 23, 22, 16, 22, 17, 30, 13, 24, 19, 20, 19, 18, 23, 25, 16, 24, 21, 13, 20, 17, 17, 20, 15, 14, 17, 15, 22, 16, 27, 20, 19, 20, 27, 28, 20, 25, 24, 13, 18, 19, 19, 25, 24, 28, 17, 16, 28, 21, 18, 19, 21, 17, 13, 17, 20, 19, 21, 18, 18, 21, 18, 15, 17, 27, 21, 24, 20, 21, 22, 20, 26, 22, 28, 23, 17, 17, 19, 23, 22, 25, 24, 24, 21, 26, 22, 23, 13, 18, 14, 26, 22, 22, 15, 22, 22, 23, 23, 20, 17, 18, 17, 18, 28, 25, 20, 15, 17, 18, 19, 18, 20, 22, 15, 18, 19, 16, 20, 19, 19, 18, 13, 24, 20, 17, 25, 16, 22, 26, 19, 17, 17, 19, 20, 22, 22, 21, 17, 23, 20, 20, 20, 25, 17, 23, 20, 16, 24, 24, 29, 13, 19, 17, 22, 13, 21, 20, 18, 16, 18, 22, 20, 17, 19, 18, 17, 22, 22, 21, 20, 19, 26, 16, 26, 21, 25, 25, 19, 19, 35, 22, 17, 17]

Run 9
Start: 1516474390.37
End: 1516474918.1
Elapsed: 527.734474182
Scores: [1, 6, 4, 14, 3, 1, 1, 1, 5, 4, 7, 3, 2, 2, 2, 1, 18, 7, 1, 10, 4, 13, 1, 8, 2, 12, 1, 1, 1, 4, 3, 2, 6, 1, 4, 2, 4, 16, 1, 5, 5, 9, 1, 1, 12, 5, 10, 3, 3, 6, 6, 4, 10, 1, 9, 12, 9, 4, 14, 5, 5, 1, 2, 10, 3, 6, 6, 3, 1, 6, 1, 10, 2, 4, 1, 6, 2, 13, 3, 6, 6, 9, 8, 7, 8, 11, 2, 2, 8, 1, 9, 1, 11, 9, 6, 1, 8, 3, 8, 6, 7, 1, 1, 13, 8, 8, 1, 3, 14, 4, 8, 6, 5, 10, 4, 4, 8, 14, 9, 2, 10, 3, 11, 6, 10, 8, 3, 17, 5, 7, 2, 3, 2, 13, 1, 9, 2, 2, 4, 11, 10, 7, 1, 11, 15, 1, 1, 5, 7, 1, 17, 3, 5, 10, 1, 8, 13, 6, 6, 10, 2, 13, 3, 7, 3, 7, 2, 1, 1, 1, 5, 5, 9, 10, 2, 3, 1, 1, 1, 2, 6, 1, 5, 3, 9, 3, 7, 2, 8, 6, 2, 3, 6, 3, 6, 2, 1, 2, 11, 2, 6, 6, 1, 9, 10, 15, 6, 8, 7, 6, 1, 9, 8, 6, 4, 6, 1, 11, 2, 5, 2, 2, 1, 9, 2, 9, 4, 5, 2, 7, 5, 6, 6, 4, 10, 3, 7, 1, 2, 5, 7, 4, 1, 9, 1, 3, 4, 11, 2, 2, 6, 2, 1, 3, 2, 6, 3, 1, 3, 1, 2, 4, 2, 4, 3, 4, 1, 1, 7, 3, 2, 1, 3, 1, 3, 4, 14, 5, 1, 4, 11, 1, 15, 8, 5, 3, 2, 6, 6, 4, 4, 1, 6, 15, 6, 8, 8, 3, 5, 9, 4, 3, 11, 7, 2, 2, 14, 2, 1, 10, 9, 3, 2, 12, 1, 7, 3, 6, 11, 3, 1, 2, 7, 9, 10, 5, 2, 7, 2, 2, 5, 6, 1, 6, 1, 3, 7, 4, 5, 4, 2, 5, 9, 4, 10, 2, 13, 9, 14, 1, 5, 2, 10, 2, 3, 4, 3, 1, 5, 1, 7, 11, 1, 4, 7, 11, 6, 11, 3, 3, 3, 2, 3, 13, 1, 6, 1, 4, 6, 4, 4, 5, 1, 6, 4, 8, 4, 2, 11, 5, 4, 9, 1, 2, 2, 1, 6, 2, 6, 6, 5, 5, 1, 7, 12, 8, 12, 5, 1, 2, 8, 3, 6, 8, 5, 11, 3, 2, 3, 6, 6, 9, 5, 8, 8, 4, 3, 5, 1, 3, 12, 3, 4, 3, 10, 1, 10, 3, 7, 4, 7, 13, 6, 4, 4, 1, 1, 11, 7, 5, 3, 4, 2, 2, 2, 12, 1, 1, 10, 3, 3, 10, 1, 2, 1, 2, 4, 3, 2, 1, 4, 2, 8, 5, 1, 3, 5, 3, 10, 1, 1, 1, 4, 1, 10, 3, 12, 11, 5, 3, 2, 1, 15, 1, 7, 4, 2, 3, 8, 1]

Run 25
Start: 1516474648.82
End: 1516475203.15
Elapsed: 554.335644007
Scores: [19, 22, 6, 19, 15, 23, 11, 28, 2, 3, 27, 29, 26, 12, 15, 24, 27, 27, 27, 18, 13, 10, 21, 19, 17, 23, 24, 20, 20, 16, 16, 26, 25, 10, 14, 27, 17, 23, 3, 13, 15, 26, 14, 9, 18, 15, 34, 23, 28, 2, 19, 20, 14, 9, 19, 17, 24, 2, 3, 13, 27, 26, 6, 6, 25, 17, 13, 1, 24, 27, 20, 11, 3, 22, 17, 21, 15, 17, 1, 6, 23, 20, 22, 17, 5, 28, 18, 19, 31, 3, 14, 19, 14, 7, 33, 3, 12, 20, 20, 30, 29, 16, 17, 18, 20, 28, 20, 26, 18, 22, 24, 21, 10, 19, 30, 5, 26, 11, 7, 14, 8, 16, 18, 6, 2, 18, 20, 19, 37, 24, 13, 7, 3, 3, 34, 17, 21, 22, 32, 8, 17, 5, 17, 25, 4, 15, 28, 24, 12, 18, 17, 15, 11, 17, 18, 17, 21, 3, 33, 16, 3, 22, 21, 25, 26, 20, 16, 21, 22, 25, 22, 17, 18, 19, 17, 29, 4, 25, 23, 20, 19, 16, 33, 13, 19, 25, 21, 24, 30, 7, 15, 21, 16, 9, 16, 22, 5, 6, 27, 22, 8, 13, 25, 20, 23, 25, 20, 10, 26, 13, 31, 12, 18, 13, 23, 25, 16, 18, 19, 13, 18, 19, 16, 26, 12, 19, 11, 6, 21, 1, 22, 7, 12, 9, 29, 22, 21, 22, 12, 26, 13, 17, 6, 21, 19, 7, 22, 20, 15, 24, 22, 30, 24, 12, 30, 11, 16, 23, 8, 20, 18, 24, 14, 15, 24, 21, 13, 32, 23, 31, 15, 22, 16, 28, 20, 19, 23, 29, 6, 19, 19, 26, 2, 17, 19, 14, 17, 19, 7, 17, 18, 17, 22, 4, 14, 16, 18, 25, 24, 24, 21, 24, 18, 39, 4, 6, 5, 23, 20, 18, 20, 19, 16, 3, 14, 20, 27, 23, 17, 26, 17, 26, 8, 18, 17, 1, 22, 12, 18, 19, 17, 18, 23, 13, 14, 31, 21, 14, 17, 26, 14, 21, 17, 16, 6, 23, 16, 8, 25, 24, 20, 24, 27, 13, 8, 15, 8, 17, 15, 24, 17, 17, 5, 20, 16, 14, 11, 17, 3, 9, 15, 22, 20, 20, 22, 2, 22, 14, 15, 28, 16, 17, 18, 7, 27, 26, 17, 29, 19, 22, 15, 17, 28, 27, 31, 12, 6, 22, 2, 3, 4, 11, 28, 41, 17, 7, 20, 24, 23, 23, 11, 19, 9, 22, 21, 15, 28, 3, 22, 21, 12, 20, 13, 3, 29, 4, 17, 26, 28, 12, 31, 15, 24, 2, 19, 11, 22, 29, 14, 22, 18, 25, 17, 24, 12, 13, 33, 4, 21, 16, 12, 18, 16, 25, 4, 16, 13, 15, 18, 17, 25, 21, 17, 17, 31, 22, 25, 20, 13, 21, 3, 29, 26, 16, 15, 16, 20, 16, 17, 26, 18, 13, 4, 21, 20, 9, 26, 27, 11, 20, 15, 7, 24, 8, 4, 19, 34, 20, 14, 1]

Run 18
Start: 1516474455.15
End: 1516475217.88
Elapsed: 762.728675127
Scores: [13, 14, 9, 22, 6, 21, 3, 18, 22, 13, 10, 17, 18, 29, 17, 23, 20, 18, 21, 14, 19, 22, 14, 18, 18, 24, 22, 18, 24, 16, 26, 17, 20, 20, 20, 24, 22, 19, 21, 14, 9, 13, 2, 24, 27, 10, 2, 22, 6, 22, 26, 21, 21, 12, 17, 5, 26, 20, 19, 22, 20, 19, 17, 16, 2, 23, 29, 7, 26, 2, 1, 24, 13, 14, 19, 24, 27, 17, 12, 2, 20, 14, 12, 18, 28, 20, 10, 18, 17, 32, 33, 16, 24, 24, 12, 19, 20, 21, 24, 25, 17, 31, 5, 25, 28, 18, 17, 22, 26, 7, 11, 25, 32, 23, 31, 24, 23, 31, 20, 28, 19, 11, 27, 18, 17, 23, 25, 20, 11, 8, 8, 6, 22, 19, 25, 16, 22, 27, 24, 37, 4, 23, 2, 18, 17, 29, 31, 15, 10, 16, 9, 16, 22, 27, 17, 12, 17, 10, 8, 18, 5, 22, 8, 34, 18, 14, 27, 29, 9, 23, 23, 19, 15, 18, 9, 28, 30, 2, 18, 29, 22, 10, 6, 16, 21, 9, 9, 10, 16, 17, 11, 29, 4, 9, 10, 12, 14, 33, 22, 25, 24, 33, 18, 22, 15, 15, 20, 7, 9, 4, 22, 21, 16, 11, 10, 21, 11, 26, 14, 17, 2, 13, 22, 15, 14, 22, 13, 1, 8, 26, 8, 27, 20, 24, 15, 7, 24, 22, 19, 24, 23, 22, 21, 22, 29, 19, 6, 15, 23, 17, 29, 17, 15, 16, 22, 28, 12, 20, 24, 19, 22, 15, 26, 15, 17, 22, 24, 30, 6, 28, 21, 13, 18, 21, 22, 24, 11, 22, 3, 8, 9, 15, 25, 22, 13, 17, 25, 5, 19, 8, 25, 7, 35, 9, 15, 19, 15, 21, 18, 14, 9, 13, 17, 24, 23, 22, 1, 20, 21, 14, 17, 17, 17, 11, 22, 17, 28, 23, 20, 14, 15, 24, 23, 6, 15, 19, 18, 10, 12, 24, 4, 31, 12, 28, 15, 18, 26, 27, 8, 25, 21, 20, 4, 13, 13, 19, 16, 4, 15, 28, 16, 25, 24, 26, 7, 22, 9, 18, 35, 10, 28, 13, 4, 25, 11, 17, 25, 18, 21, 10, 31, 28, 19, 15, 26, 3, 6, 12, 19, 24, 31, 11, 16, 7, 18, 8, 2, 18, 20, 18, 14, 31, 26, 25, 15, 28, 6, 26, 16, 20, 12, 23, 21, 22, 25, 8, 7, 20, 13, 26, 14, 22, 16, 18, 9, 9, 21, 25, 17, 26, 17, 19, 18, 19, 16, 10, 20, 15, 5, 21, 6, 3, 24, 10, 17, 15, 28, 25, 8, 28, 4, 23, 12, 21, 16, 1, 23, 24, 28, 15, 26, 23, 18, 16, 23, 30, 24, 20, 24, 16, 10, 20, 15, 25, 9, 26, 17, 16, 18, 27, 4, 13, 27, 21, 18, 18, 4, 6, 19, 27, 33, 10, 6, 20, 9, 24, 22, 16, 11, 24, 15, 27, 19, 23, 8, 27, 24, 13, 5, 17]

Run 10
Start: 1516474918.78
End: 1516475327.92
Elapsed: 409.144131899
Scores: [17, 5, 1, 26, 26, 25, 21, 5, 13, 4, 18, 12, 25, 12, 13, 15, 7, 21, 6, 1, 13, 12, 15, 23, 3, 17, 30, 11, 12, 25, 25, 2, 21, 13, 5, 2, 9, 2, 33, 16, 12, 18, 8, 15, 17, 19, 14, 21, 24, 15, 18, 5, 14, 13, 19, 13, 13, 12, 8, 8, 22, 16, 20, 17, 23, 9, 22, 18, 11, 15, 22, 18, 8, 29, 2, 20, 29, 20, 14, 29, 12, 17, 2, 9, 15, 21, 8, 19, 14, 18, 24, 1, 6, 34, 11, 30, 1, 15, 3, 1, 5, 19, 15, 2, 19, 12, 7, 22, 12, 12, 18, 21, 6, 1, 29, 2, 12, 13, 16, 22, 16, 13, 1, 20, 7, 27, 10, 20, 13, 13, 12, 10, 4, 27, 6, 8, 13, 6, 29, 13, 33, 4, 7, 27, 2, 27, 20, 19, 9, 25, 13, 25, 11, 11, 28, 1, 17, 21, 8, 15, 23, 25, 7, 21, 11, 17, 11, 19, 17, 17, 23, 6, 31, 17, 5, 19, 6, 16, 17, 28, 30, 16, 26, 1, 18, 3, 22, 13, 20, 17, 12, 31, 6, 11, 13, 14, 27, 10, 27, 7, 23, 7, 1, 11, 10, 11, 28, 10, 14, 13, 9, 9, 14, 1, 16, 18, 14, 10, 17, 5, 3, 18, 22, 26, 16, 5, 17, 12, 1, 10, 20, 8, 17, 21, 10, 7, 11, 15, 14, 11, 20, 21, 11, 6, 17, 21, 13, 16, 4, 21, 19, 1, 4, 5, 26, 21, 21, 17, 17, 14, 20, 6, 20, 20, 7, 11, 13, 16, 15, 10, 9, 16, 18, 21, 31, 15, 2, 13, 9, 26, 20, 16, 19, 3, 2, 8, 14, 23, 9, 4, 24, 13, 12, 24, 17, 3, 10, 15, 10, 8, 5, 9, 6, 25, 29, 15, 27, 7, 22, 10, 8, 11, 2, 2, 28, 4, 5, 5, 18, 16, 4, 7, 35, 18, 33, 14, 6, 12, 6, 4, 2, 22, 23, 6, 24, 10, 2, 3, 3, 12, 20, 9, 3, 12, 14, 9, 23, 33, 10, 10, 22, 6, 12, 28, 13, 26, 13, 14, 34, 6, 5, 4, 1, 18, 6, 6, 9, 2, 25, 18, 33, 8, 6, 3, 3, 33, 1, 29, 14, 15, 11, 2, 28, 17, 25, 9, 34, 20, 7, 21, 2, 5, 24, 16, 5, 36, 10, 1, 12, 29, 22, 3, 12, 19, 21, 15, 7, 2, 12, 16, 22, 3, 32, 9, 12, 25, 10, 16, 12, 30, 18, 17, 23, 21, 19, 11, 20, 9, 14, 25, 14, 13, 20, 19, 21, 5, 12, 10, 28, 6, 5, 23, 21, 2, 10, 1, 27, 30, 29, 4, 11, 7, 15, 30, 18, 22, 11, 4, 22, 16, 12, 36, 11, 19, 18, 3, 2, 8, 20, 16, 3, 16, 4, 21, 9, 30, 2, 23, 4, 11, 16, 8, 23, 31, 5, 10, 22, 22, 6, 16, 6, 14, 5, 11, 9, 27, 2, 8, 26, 12]

Run 19
Start: 1516475219.65
End: 1516475475.89
Elapsed: 256.23375392
Scores: [3, 5, 9, 4, 9, 6, 1, 6, 4, 7, 7, 7, 7, 2, 3, 7, 7, 6, 8, 1, 5, 4, 8, 21, 2, 3, 6, 2, 6, 6, 4, 6, 9, 5, 3, 1, 11, 8, 8, 1, 4, 8, 1, 3, 1, 3, 5, 2, 5, 2, 2, 10, 17, 15, 10, 9, 3, 1, 8, 3, 5, 7, 2, 11, 2, 1, 2, 3, 8, 11, 3, 3, 6, 3, 2, 2, 3, 4, 12, 2, 7, 2, 5, 3, 4, 8, 6, 6, 6, 4, 6, 7, 5, 2, 2, 11, 5, 10, 3, 5, 9, 14, 5, 3, 6, 4, 3, 1, 4, 9, 5, 8, 8, 1, 8, 4, 4, 4, 7, 7, 5, 8, 12, 5, 10, 9, 9, 7, 4, 5, 6, 1, 4, 15, 7, 2, 4, 14, 8, 13, 2, 5, 3, 4, 7, 19, 3, 5, 5, 5, 6, 5, 3, 5, 9, 7, 9, 8, 11, 8, 15, 3, 7, 5, 8, 12, 8, 2, 1, 4, 7, 6, 1, 11, 8, 2, 13, 4, 6, 10, 2, 2, 4, 5, 5, 4, 2, 3, 13, 11, 9, 8, 7, 8, 5, 10, 3, 8, 5, 6, 3, 1, 6, 3, 4, 4, 4, 8, 4, 3, 15, 4, 1, 1, 2, 5, 2, 10, 9, 3, 1, 3, 3, 7, 5, 17, 1, 3, 5, 3, 11, 7, 2, 1, 11, 1, 2, 1, 3, 15, 2, 7, 3, 13, 6, 9, 2, 11, 2, 2, 2, 2, 1, 3, 5, 8, 9, 2, 2, 2, 10, 4, 1, 2, 8, 8, 13, 6, 7, 7, 7, 4, 7, 6, 6, 1, 1, 2, 5, 1, 9, 3, 3, 4, 2, 6, 1, 10, 5, 2, 5, 1, 13, 7, 4, 3, 8, 6, 5, 5, 1, 6, 1, 13, 10, 5, 6, 5, 3, 12, 4, 11, 7, 7, 4, 3, 11, 9, 4, 3, 16, 1, 2, 5, 5, 3, 4, 6, 8, 14, 5, 6, 6, 6, 14, 2, 6, 1, 8, 4, 9, 8, 6, 1, 7, 7, 1, 8, 4, 2, 17, 5, 8, 1, 2, 2, 4, 10, 4, 5, 5, 2, 10, 15, 3, 5, 1, 10, 4, 1, 4, 9, 1, 24, 12, 3, 7, 8, 4, 6, 1, 5, 3, 1, 2, 1, 7, 5, 2, 14, 2, 7, 2, 3, 8, 6, 11, 11, 9, 1, 13, 7, 8, 6, 8, 10, 2, 8, 1, 9, 7, 1, 1, 1, 11, 11, 3, 6, 12, 5, 11, 8, 8, 3, 1, 10, 5, 4, 12, 6, 4, 14, 8, 6, 5, 5, 4, 8, 8, 5, 9, 10, 8, 9, 3, 7, 6, 9, 11, 5, 4, 7, 6, 3, 5, 5, 4, 4, 4, 2, 2, 1, 8, 3, 10, 1, 5, 4, 13, 6, 2, 3, 13, 9, 13, 3, 16, 4, 7, 8, 4, 4, 1, 3, 1, 12, 14, 7, 5, 2, 9, 14, 7, 8, 4, 6, 8, 3, 1, 4]

Run 26
Start: 1516475204.15
End: 1516475655.41
Elapsed: 451.263321161
Scores: [19, 10, 13, 22, 14, 22, 3, 16, 15, 22, 16, 18, 9, 18, 21, 18, 14, 15, 23, 17, 14, 16, 17, 14, 15, 4, 16, 17, 12, 18, 6, 2, 1, 20, 15, 4, 14, 21, 17, 19, 17, 15, 18, 23, 18, 16, 14, 4, 1, 15, 16, 19, 18, 17, 19, 22, 15, 18, 14, 15, 9, 15, 16, 16, 18, 18, 18, 2, 14, 14, 17, 19, 16, 20, 20, 20, 18, 21, 21, 15, 22, 20, 23, 16, 14, 18, 7, 19, 19, 14, 25, 14, 2, 3, 6, 14, 26, 3, 15, 3, 16, 19, 11, 24, 20, 18, 20, 15, 14, 18, 18, 15, 2, 19, 18, 16, 16, 15, 22, 17, 18, 10, 18, 17, 17, 7, 17, 2, 22, 17, 21, 2, 20, 19, 18, 9, 20, 20, 20, 20, 22, 18, 14, 10, 18, 18, 14, 16, 16, 22, 19, 8, 14, 19, 4, 17, 20, 22, 21, 8, 17, 20, 19, 18, 6, 17, 4, 15, 14, 15, 21, 14, 16, 22, 2, 21, 14, 26, 18, 11, 24, 18, 16, 10, 23, 17, 17, 14, 4, 16, 1, 19, 11, 24, 16, 15, 16, 8, 15, 13, 19, 22, 19, 21, 20, 22, 21, 18, 23, 19, 12, 23, 18, 12, 21, 17, 19, 19, 18, 21, 23, 16, 18, 16, 18, 21, 5, 15, 16, 18, 17, 16, 20, 11, 19, 18, 25, 20, 3, 11, 16, 21, 14, 14, 14, 19, 17, 4, 20, 17, 17, 19, 15, 15, 9, 14, 15, 4, 13, 17, 16, 2, 20, 18, 4, 20, 17, 18, 22, 10, 18, 8, 21, 22, 10, 22, 19, 18, 22, 22, 16, 25, 21, 15, 20, 19, 20, 21, 16, 14, 16, 5, 20, 23, 21, 14, 18, 17, 17, 18, 26, 18, 18, 18, 8, 22, 19, 20, 17, 16, 19, 4, 18, 18, 23, 28, 15, 19, 19, 15, 23, 2, 16, 16, 21, 4, 20, 7, 6, 19, 18, 16, 14, 26, 16, 13, 17, 20, 18, 21, 25, 19, 16, 19, 16, 8, 17, 15, 15, 8, 21, 18, 16, 15, 15, 20, 20, 15, 22, 3, 17, 20, 19, 15, 21, 20, 18, 16, 8, 16, 7, 16, 6, 16, 17, 18, 9, 16, 16, 12, 27, 22, 16, 18, 22, 18, 17, 16, 18, 19, 13, 15, 18, 25, 18, 14, 2, 17, 17, 15, 16, 17, 20, 14, 18, 18, 14, 16, 20, 9, 21, 21, 22, 20, 19, 25, 20, 15, 17, 10, 21, 21, 12, 17, 15, 10, 22, 22, 16, 24, 14, 15, 19, 8, 21, 17, 20, 23, 23, 1, 22, 16, 1, 23, 24, 14, 6, 18, 19, 15, 17, 20, 4, 14, 15, 15, 7, 19, 16, 15, 17, 3, 23, 18, 10, 22, 13, 16, 20, 8, 19, 20, 14, 2, 14, 14, 22, 18, 3, 16, 2, 11, 14, 21, 18, 15, 18, 23, 19, 17, 21, 22, 18, 2, 13, 11, 20, 6, 11, 16]

Run 11
Start: 1516475329.59
End: 1516475974.71
Elapsed: 645.112272024
Scores: [30, 16, 17, 6, 6, 27, 20, 2, 30, 11, 22, 25, 22, 31, 2, 23, 23, 21, 25, 8, 20, 25, 11, 20, 24, 12, 33, 28, 33, 14, 11, 24, 22, 29, 20, 37, 20, 34, 10, 38, 11, 10, 34, 35, 20, 22, 14, 5, 24, 16, 27, 11, 9, 17, 31, 27, 27, 10, 19, 30, 10, 6, 30, 1, 32, 6, 11, 10, 19, 11, 22, 20, 2, 18, 2, 21, 29, 29, 29, 31, 28, 31, 5, 9, 17, 28, 14, 21, 10, 1, 30, 28, 8, 11, 6, 33, 27, 17, 1, 6, 6, 30, 23, 22, 33, 15, 32, 19, 35, 24, 5, 10, 11, 38, 25, 9, 23, 28, 24, 32, 34, 29, 4, 14, 30, 14, 19, 11, 12, 19, 2, 21, 17, 30, 23, 31, 18, 18, 28, 25, 27, 15, 8, 13, 30, 14, 6, 18, 6, 32, 7, 11, 35, 35, 12, 17, 35, 36, 28, 25, 16, 27, 18, 19, 17, 6, 17, 21, 14, 29, 34, 30, 5, 16, 32, 9, 27, 30, 14, 28, 2, 14, 39, 5, 21, 25, 24, 24, 22, 13, 30, 18, 23, 34, 28, 33, 21, 22, 23, 20, 4, 1, 14, 33, 25, 32, 32, 32, 32, 8, 20, 10, 27, 27, 16, 23, 31, 29, 39, 9, 24, 36, 26, 24, 18, 17, 24, 31, 10, 4, 27, 31, 14, 12, 26, 10, 17, 38, 6, 23, 17, 18, 21, 12, 24, 22, 27, 22, 8, 35, 20, 10, 13, 35, 23, 21, 9, 9, 11, 36, 6, 1, 4, 34, 17, 27, 26, 33, 4, 24, 33, 2, 38, 30, 19, 17, 20, 24, 20, 29, 33, 29, 26, 1, 9, 1, 3, 7, 1, 9, 31, 11, 21, 18, 30, 1, 5, 11, 12, 25, 25, 24, 3, 33, 7, 5, 6, 41, 11, 17, 33, 31, 1, 33, 32, 14, 34, 2, 28, 36, 26, 15, 25, 8, 31, 40, 20, 10, 1, 6, 28, 21, 26, 16, 31, 27, 18, 28, 26, 25, 8, 4, 10, 22, 24, 30, 15, 28, 35, 23, 14, 25, 24, 21, 20, 30, 4, 29, 31, 27, 20, 20, 26, 21, 5, 15, 22, 27, 1, 35, 20, 23, 28, 26, 22, 24, 7, 32, 22, 25, 17, 20, 14, 27, 19, 15, 32, 8, 22, 7, 14, 25, 8, 32, 16, 25, 2, 18, 25, 34, 24, 12, 20, 7, 12, 16, 6, 21, 40, 29, 22, 21, 27, 3, 30, 32, 34, 6, 18, 14, 18, 2, 17, 19, 4, 10, 30, 21, 23, 27, 5, 36, 23, 15, 3, 30, 10, 29, 24, 25, 28, 21, 22, 23, 6, 11, 23, 11, 20, 25, 11, 29, 4, 7, 11, 23, 28, 32, 7, 10, 8, 29, 14, 7, 31, 10, 33, 15, 31, 24, 30, 39, 33, 19, 11, 26, 23, 23, 16, 33, 21, 24, 29, 3, 27, 23, 31, 2, 32, 15, 1, 20, 11, 17, 38, 23, 25, 31, 2, 45]

Run 27
Start: 1516475656.4
End: 1516476212.29
Elapsed: 555.888912916
Scores: [18, 19, 16, 28, 18, 18, 6, 2, 23, 20, 25, 17, 16, 19, 16, 13, 21, 15, 1, 19, 16, 17, 6, 24, 30, 18, 9, 20, 9, 12, 20, 28, 10, 15, 23, 6, 17, 16, 1, 7, 1, 1, 1, 1, 11, 31, 21, 15, 17, 15, 20, 14, 14, 26, 31, 6, 7, 13, 18, 1, 20, 14, 18, 13, 17, 8, 17, 7, 20, 7, 23, 16, 19, 22, 2, 15, 13, 21, 21, 20, 3, 27, 17, 1, 28, 26, 13, 17, 13, 8, 19, 19, 12, 4, 20, 11, 16, 24, 18, 24, 15, 5, 26, 21, 17, 28, 7, 17, 24, 16, 9, 23, 22, 17, 10, 24, 12, 26, 21, 7, 23, 17, 17, 21, 1, 8, 7, 5, 32, 28, 18, 22, 21, 28, 15, 18, 13, 6, 19, 11, 22, 13, 18, 19, 17, 24, 9, 17, 9, 2, 11, 18, 21, 16, 21, 19, 15, 30, 26, 14, 7, 16, 22, 17, 19, 15, 18, 17, 13, 22, 17, 24, 16, 19, 27, 3, 14, 25, 18, 22, 17, 16, 18, 23, 18, 6, 14, 12, 13, 8, 12, 18, 16, 12, 3, 1, 16, 21, 1, 22, 5, 16, 2, 13, 20, 7, 12, 15, 21, 6, 7, 22, 25, 5, 20, 8, 6, 10, 2, 23, 15, 8, 13, 15, 20, 10, 5, 29, 2, 8, 24, 4, 1, 18, 12, 18, 1, 23, 13, 18, 2, 21, 2, 24, 18, 2, 27, 15, 3, 2, 6, 15, 15, 27, 12, 21, 16, 8, 16, 21, 14, 14, 18, 12, 6, 15, 1, 13, 22, 19, 19, 15, 15, 19, 18, 24, 21, 8, 13, 15, 19, 19, 16, 16, 10, 25, 22, 2, 4, 22, 2, 14, 22, 17, 7, 1, 21, 11, 6, 3, 9, 18, 11, 12, 6, 12, 15, 3, 20, 21, 4, 19, 1, 8, 15, 21, 4, 22, 23, 7, 18, 16, 20, 22, 5, 17, 17, 14, 14, 20, 11, 25, 25, 9, 12, 8, 20, 22, 19, 14, 11, 13, 1, 3, 17, 19, 15, 12, 15, 22, 15, 9, 16, 18, 15, 24, 17, 19, 7, 24, 17, 18, 20, 3, 3, 9, 13, 5, 15, 22, 29, 11, 16, 12, 12, 9, 12, 9, 18, 18, 15, 17, 13, 9, 18, 16, 20, 17, 1, 6, 14, 18, 14, 27, 24, 12, 21, 12, 22, 20, 11, 20, 17, 16, 19, 8, 30, 13, 11, 19, 11, 5, 1, 8, 8, 9, 18, 26, 14, 4, 14, 16, 23, 21, 30, 5, 17, 19, 4, 23, 20, 13, 22, 12, 20, 22, 12, 24, 9, 28, 22, 7, 22, 12, 13, 18, 5, 15, 10, 15, 16, 13, 23, 22, 15, 12, 16, 13, 7, 15, 11, 15, 1, 12, 25, 16, 14, 18, 12, 10, 14, 11, 16, 7, 16, 20, 11, 18, 12, 20, 1, 20, 11, 13, 7, 4, 29, 15, 15, 19, 19, 34, 22, 19, 14, 6, 16, 19, 1, 15]

Run 12
Start: 1516475976.47
End: 1516476345.33
Elapsed: 368.861896992
Scores: [6, 1, 1, 4, 1, 5, 10, 4, 4, 1, 2, 12, 7, 1, 6, 5, 7, 1, 6, 2, 12, 2, 3, 1, 7, 4, 3, 4, 5, 8, 9, 8, 1, 1, 4, 11, 6, 2, 4, 1, 7, 10, 3, 9, 4, 4, 9, 2, 5, 1, 3, 3, 4, 2, 4, 1, 4, 1, 5, 4, 4, 10, 7, 8, 6, 14, 12, 1, 1, 9, 1, 6, 5, 4, 1, 7, 1, 14, 5, 1, 1, 4, 7, 7, 8, 1, 1, 8, 11, 1, 6, 3, 4, 5, 3, 6, 3, 2, 3, 1, 10, 17, 7, 5, 1, 8, 6, 2, 5, 10, 5, 4, 1, 7, 1, 1, 6, 1, 17, 1, 6, 2, 3, 1, 8, 2, 1, 7, 2, 5, 1, 1, 2, 12, 5, 5, 1, 11, 6, 13, 10, 1, 2, 1, 8, 6, 5, 8, 3, 4, 10, 6, 9, 2, 6, 2, 2, 5, 3, 2, 2, 5, 2, 1, 6, 6, 8, 1, 2, 4, 4, 3, 16, 4, 1, 1, 15, 1, 16, 5, 1, 2, 2, 11, 2, 6, 1, 6, 3, 4, 6, 2, 4, 10, 2, 6, 3, 2, 1, 1, 1, 3, 1, 12, 10, 2, 9, 3, 1, 3, 8, 2, 5, 4, 6, 6, 8, 10, 3, 1, 3, 3, 7, 1, 10, 1, 4, 7, 4, 4, 4, 4, 10, 3, 1, 7, 6, 4, 2, 4, 2, 4, 5, 5, 2, 1, 9, 4, 3, 2, 5, 1, 11, 1, 4, 1, 1, 1, 8, 8, 3, 1, 9, 12, 15, 7, 2, 4, 3, 5, 2, 9, 2, 3, 3, 11, 2, 3, 3, 1, 1, 6, 6, 8, 3, 6, 6, 2, 3, 10, 3, 2, 1, 5, 8, 3, 2, 4, 3, 3, 1, 10, 5, 3, 5, 3, 7, 4, 5, 4, 8, 3, 2, 5, 8, 15, 1, 3, 1, 5, 12, 2, 4, 2, 1, 6, 6, 3, 9, 2, 9, 6, 3, 1, 2, 3, 5, 2, 5, 7, 2, 2, 2, 4, 2, 7, 6, 4, 2, 1, 3, 7, 4, 2, 8, 2, 11, 2, 1, 4, 9, 2, 1, 2, 2, 6, 8, 1, 7, 6, 1, 8, 1, 8, 2, 3, 4, 1, 3, 3, 2, 2, 20, 1, 5, 1, 6, 4, 3, 10, 4, 5, 9, 9, 1, 14, 4, 5, 6, 3, 1, 7, 4, 2, 7, 9, 3, 5, 10, 4, 3, 1, 3, 1, 5, 7, 4, 3, 2, 2, 6, 3, 15, 9, 1, 3, 4, 13, 2, 5, 4, 4, 4, 3, 4, 2, 1, 1, 5, 3, 5, 1, 4, 3, 4, 7, 10, 1, 6, 3, 10, 12, 5, 1, 1, 1, 4, 5, 8, 5, 1, 4, 5, 1, 11, 8, 12, 3, 10, 4, 2, 6, 6, 5, 4, 3, 1, 2, 9, 2, 1, 2, 6, 2, 4, 1, 1, 10, 6, 2, 6, 3, 3, 3, 11, 1, 1, 12, 1, 5]

Run 20
Start: 1516475476.46
End: 1516476474.43
Elapsed: 997.971503019
Scores: [16, 11, 14, 30, 14, 21, 19, 12, 17, 12, 19, 12, 16, 8, 25, 20, 12, 19, 17, 15, 22, 9, 34, 10, 27, 24, 15, 6, 11, 15, 4, 25, 16, 6, 15, 21, 17, 29, 12, 3, 15, 13, 27, 22, 13, 17, 9, 20, 20, 6, 12, 7, 17, 15, 4, 13, 18, 12, 16, 8, 13, 17, 8, 21, 30, 14, 14, 10, 15, 15, 5, 15, 6, 35, 6, 30, 5, 16, 13, 19, 2, 18, 15, 18, 19, 23, 13, 16, 16, 16, 16, 20, 12, 24, 19, 7, 21, 19, 26, 4, 3, 17, 8, 21, 15, 14, 15, 7, 14, 5, 7, 7, 13, 10, 20, 14, 24, 11, 8, 11, 15, 15, 27, 6, 17, 18, 17, 10, 18, 16, 15, 1, 14, 25, 13, 12, 8, 20, 19, 20, 7, 20, 16, 10, 10, 10, 20, 14, 23, 20, 20, 19, 23, 21, 26, 5, 2, 16, 28, 19, 16, 19, 25, 11, 17, 22, 1, 25, 3, 24, 18, 11, 25, 24, 25, 14, 18, 8, 11, 20, 18, 11, 20, 1, 3, 20, 24, 15, 16, 10, 1, 23, 16, 17, 4, 11, 16, 19, 16, 21, 9, 9, 22, 20, 9, 14, 18, 2, 19, 5, 27, 18, 19, 7, 10, 8, 23, 15, 25, 18, 13, 14, 7, 24, 19, 16, 21, 23, 10, 16, 5, 17, 16, 7, 6, 10, 1, 12, 22, 19, 12, 7, 16, 13, 6, 21, 13, 12, 4, 16, 22, 26, 13, 12, 19, 29, 22, 18, 15, 14, 22, 15, 12, 14, 13, 15, 2, 18, 9, 14, 24, 12, 17, 22, 23, 4, 33, 10, 4, 17, 15, 23, 22, 26, 27, 1, 21, 10, 17, 6, 26, 2, 16, 15, 22, 16, 16, 16, 9, 15, 10, 15, 8, 7, 18, 14, 12, 2, 17, 8, 16, 11, 27, 17, 14, 12, 16, 8, 10, 10, 8, 10, 15, 9, 28, 19, 7, 16, 10, 32, 17, 24, 15, 19, 12, 26, 15, 13, 17, 16, 14, 14, 14, 6, 32, 22, 14, 11, 23, 20, 20, 7, 5, 16, 4, 9, 1, 18, 13, 24, 16, 21, 21, 23, 21, 15, 13, 6, 16, 8, 19, 21, 5, 20, 22, 10, 12, 22, 23, 28, 14, 13, 13, 5, 21, 13, 12, 9, 10, 31, 17, 21, 12, 8, 4, 13, 10, 14, 14, 14, 7, 20, 17, 10, 14, 6, 25, 10, 31, 10, 4, 16, 17, 14, 18, 13, 19, 11, 11, 19, 2, 1, 12, 14, 24, 16, 13, 26, 8, 15, 16, 16, 13, 20, 18, 16, 9, 21, 17, 2, 16, 18, 18, 8, 17, 20, 19, 16, 8, 20, 31, 12, 15, 1, 21, 5, 21, 23, 24, 18, 24, 21, 14, 20, 17, 19, 25, 20, 15, 19, 17, 2, 13, 20, 6, 12, 7, 17, 25, 17, 15, 18, 30, 20, 28, 1, 4, 10, 16, 18, 7, 14, 22, 14, 27, 19, 4, 2, 4, 19]

Run 13
Start: 1516476345.73
End: 1516476695.58
Elapsed: 349.846597195
Scores: [11, 4, 3, 18, 12, 8, 6, 12, 13, 17, 16, 11, 3, 12, 25, 1, 1, 1, 6, 6, 16, 13, 3, 5, 7, 6, 8, 11, 9, 7, 13, 6, 1, 8, 2, 10, 18, 7, 10, 15, 10, 5, 11, 10, 7, 9, 13, 1, 6, 1, 2, 1, 3, 2, 3, 2, 7, 5, 4, 6, 5, 7, 4, 5, 2, 3, 4, 4, 5, 7, 14, 29, 10, 15, 4, 3, 6, 15, 17, 6, 21, 6, 8, 16, 2, 8, 15, 9, 19, 1, 12, 14, 10, 3, 2, 6, 15, 6, 1, 1, 15, 4, 16, 4, 1, 4, 10, 8, 6, 10, 3, 1, 5, 15, 1, 1, 10, 4, 6, 8, 12, 3, 4, 5, 12, 11, 6, 6, 6, 5, 2, 11, 5, 16, 6, 16, 6, 2, 16, 15, 8, 1, 3, 9, 4, 17, 10, 6, 6, 21, 4, 8, 8, 16, 5, 4, 2, 2, 6, 5, 11, 5, 9, 9, 3, 16, 3, 20, 1, 13, 4, 13, 6, 3, 10, 15, 1, 14, 3, 4, 7, 13, 16, 16, 10, 26, 17, 1, 2, 12, 14, 13, 4, 2, 6, 3, 10, 9, 8, 8, 6, 4, 19, 2, 8, 3, 6, 13, 10, 9, 14, 1, 1, 4, 18, 13, 11, 13, 4, 5, 11, 2, 6, 8, 18, 3, 2, 7, 6, 9, 1, 15, 8, 24, 19, 19, 1, 9, 17, 12, 6, 13, 12, 6, 6, 17, 2, 1, 7, 2, 10, 6, 8, 13, 13, 2, 8, 9, 10, 2, 6, 5, 22, 4, 7, 9, 18, 1, 12, 9, 2, 4, 1, 16, 7, 8, 10, 18, 11, 7, 17, 3, 11, 8, 4, 1, 21, 2, 16, 2, 15, 5, 17, 16, 3, 4, 1, 5, 19, 7, 15, 2, 14, 1, 3, 12, 4, 14, 7, 13, 4, 13, 21, 4, 7, 10, 14, 3, 21, 14, 17, 8, 2, 6, 7, 1, 3, 4, 5, 1, 1, 14, 1, 20, 4, 19, 7, 1, 16, 5, 3, 15, 19, 14, 11, 5, 1, 16, 10, 12, 9, 2, 1, 3, 16, 19, 1, 15, 6, 4, 6, 1, 2, 17, 9, 10, 4, 6, 1, 8, 13, 4, 12, 3, 10, 1, 18, 9, 3, 6, 7, 6, 9, 1, 9, 15, 2, 1, 9, 2, 1, 1, 6, 8, 13, 12, 8, 8, 12, 7, 3, 12, 6, 25, 3, 6, 16, 9, 1, 4, 13, 8, 1, 4, 14, 14, 8, 6, 9, 16, 7, 13, 2, 8, 3, 8, 9, 14, 14, 6, 2, 13, 6, 1, 4, 14, 14, 10, 13, 7, 4, 1, 3, 14, 4, 5, 4, 14, 1, 11, 8, 3, 3, 2, 2, 8, 6, 4, 6, 2, 15, 8, 5, 14, 2, 1, 6, 15, 1, 14, 10, 6, 6, 14, 6, 3, 4, 3, 15, 13, 8, 18, 12, 7, 14, 1, 9, 1, 5, 13, 2, 5, 9, 4, 2, 1, 24, 5, 2, 2]

Run 28
Start: 1516476213.4
End: 1516477078.25
Elapsed: 864.846706152
Scores: [32, 24, 22, 28, 30, 22, 24, 32, 24, 30, 22, 23, 21, 28, 19, 20, 31, 25, 2, 21, 34, 31, 28, 13, 5, 22, 4, 26, 24, 28, 18, 29, 12, 2, 28, 13, 21, 25, 26, 33, 30, 30, 20, 25, 22, 30, 26, 26, 20, 31, 37, 34, 19, 20, 30, 25, 20, 20, 23, 26, 35, 18, 29, 29, 26, 28, 32, 24, 30, 22, 27, 24, 26, 21, 21, 28, 23, 30, 18, 39, 30, 19, 31, 18, 31, 26, 7, 26, 27, 20, 24, 32, 19, 26, 30, 28, 34, 27, 33, 24, 24, 18, 26, 30, 7, 28, 30, 28, 33, 17, 25, 24, 34, 28, 9, 29, 19, 33, 19, 32, 19, 31, 20, 20, 17, 12, 18, 32, 25, 26, 29, 26, 9, 22, 24, 31, 32, 18, 21, 24, 33, 20, 26, 2, 28, 8, 28, 5, 31, 18, 28, 22, 29, 21, 21, 25, 21, 28, 31, 25, 15, 24, 13, 19, 21, 25, 32, 27, 33, 30, 32, 16, 30, 1, 32, 23, 28, 19, 31, 27, 22, 22, 18, 32, 32, 18, 25, 26, 32, 27, 23, 33, 17, 24, 35, 29, 23, 23, 19, 20, 28, 33, 17, 15, 25, 26, 6, 30, 33, 11, 9, 19, 33, 14, 32, 24, 33, 33, 26, 22, 26, 30, 35, 28, 29, 23, 29, 14, 24, 20, 25, 24, 22, 9, 34, 28, 19, 31, 38, 22, 24, 21, 24, 19, 30, 36, 22, 25, 20, 33, 37, 24, 19, 22, 20, 20, 19, 29, 23, 19, 24, 26, 21, 29, 8, 18, 5, 25, 24, 30, 27, 34, 4, 31, 26, 3, 20, 28, 31, 17, 27, 30, 28, 32, 30, 22, 12, 31, 8, 6, 29, 30, 24, 18, 18, 20, 24, 24, 20, 15, 28, 28, 27, 40, 29, 17, 29, 22, 35, 32, 26, 27, 28, 26, 26, 15, 13, 18, 22, 32, 19, 29, 18, 34, 25, 13, 28, 25, 18, 31, 15, 27, 27, 24, 22, 21, 16, 25, 28, 29, 29, 22, 22, 29, 32, 31, 30, 23, 23, 27, 26, 33, 21, 28, 17, 22, 37, 29, 11, 22, 31, 26, 26, 21, 16, 30, 30, 27, 28, 24, 31, 18, 20, 18, 22, 30, 27, 34, 20, 34, 24, 15, 22, 29, 21, 33, 29, 19, 28, 29, 24, 22, 33, 27, 33, 28, 22, 32, 23, 28, 10, 19, 25, 1, 19, 25, 20, 31, 16, 35, 3, 29, 27, 6, 31, 25, 34, 31, 23, 29, 33, 33, 26, 24, 29, 6, 33, 24, 24, 29, 25, 14, 20, 30, 21, 28, 25, 27, 28, 20, 22, 24, 33, 33, 14, 32, 23, 24, 25, 21, 21, 27, 29, 29, 31, 32, 18, 21, 29, 32, 30, 19, 31, 27, 25, 31, 20, 14, 21, 32, 25, 23, 30, 26, 28, 27, 20, 27, 29, 18, 26, 28, 19, 17, 23, 32, 27, 31, 28, 17, 14, 23, 17, 26, 35, 21, 25, 34, 19, 10]

Run 14
Start: 1516476696.07
End: 1516477099.28
Elapsed: 403.208080769
Scores: [5, 10, 7, 2, 2, 1, 5, 5, 1, 1, 1, 4, 1, 4, 6, 3, 3, 2, 10, 7, 3, 6, 15, 1, 2, 5, 7, 2, 3, 6, 6, 4, 3, 8, 7, 1, 13, 1, 7, 6, 1, 2, 5, 2, 7, 8, 4, 9, 1, 9, 1, 12, 1, 4, 4, 1, 5, 5, 4, 1, 8, 2, 3, 4, 2, 8, 4, 7, 4, 1, 2, 5, 4, 3, 7, 9, 4, 8, 4, 1, 7, 2, 1, 8, 1, 11, 8, 3, 1, 1, 9, 13, 4, 7, 4, 11, 10, 10, 10, 6, 6, 1, 11, 12, 1, 5, 8, 10, 8, 9, 7, 1, 9, 1, 6, 6, 6, 7, 7, 10, 3, 4, 5, 10, 1, 1, 5, 5, 5, 2, 1, 10, 3, 6, 7, 13, 4, 6, 1, 2, 1, 1, 4, 2, 8, 2, 7, 1, 5, 4, 3, 1, 8, 3, 4, 9, 8, 2, 1, 8, 10, 7, 2, 3, 10, 7, 5, 11, 6, 2, 5, 6, 10, 5, 3, 5, 3, 2, 1, 7, 4, 6, 4, 17, 4, 4, 5, 4, 3, 5, 5, 4, 5, 2, 4, 2, 11, 1, 4, 5, 1, 1, 1, 3, 9, 4, 7, 4, 2, 3, 10, 1, 1, 4, 3, 1, 1, 2, 3, 4, 2, 5, 14, 1, 2, 10, 6, 5, 3, 5, 6, 1, 3, 12, 3, 1, 2, 1, 2, 3, 1, 5, 6, 3, 6, 1, 1, 5, 8, 1, 1, 3, 6, 9, 2, 3, 6, 1, 3, 2, 1, 1, 5, 2, 6, 7, 7, 12, 1, 5, 4, 2, 3, 7, 4, 1, 6, 2, 1, 4, 4, 1, 4, 4, 2, 6, 8, 4, 11, 2, 1, 2, 1, 7, 2, 10, 4, 1, 1, 5, 4, 2, 1, 3, 7, 2, 2, 10, 5, 10, 5, 2, 3, 2, 5, 5, 2, 6, 2, 5, 2, 4, 3, 2, 1, 2, 7, 9, 2, 9, 2, 4, 6, 5, 1, 7, 5, 1, 13, 2, 9, 11, 1, 4, 13, 2, 2, 2, 10, 1, 7, 16, 10, 4, 3, 7, 2, 6, 1, 7, 4, 2, 3, 1, 1, 4, 7, 8, 4, 8, 12, 4, 7, 3, 6, 1, 11, 2, 8, 4, 6, 5, 5, 11, 8, 5, 6, 14, 9, 13, 5, 9, 15, 6, 9, 1, 3, 4, 4, 3, 1, 5, 6, 7, 5, 1, 6, 11, 1, 3, 12, 6, 4, 6, 5, 2, 7, 5, 10, 2, 1, 3, 12, 1, 2, 3, 7, 4, 1, 5, 14, 1, 2, 8, 4, 8, 5, 4, 3, 5, 2, 8, 6, 3, 7, 3, 2, 3, 2, 2, 8, 8, 4, 3, 4, 2, 3, 2, 2, 9, 1, 4, 6, 7, 2, 6, 4, 5, 3, 2, 13, 4, 1, 5, 7, 6, 1, 3, 8, 2, 7, 1, 8, 2, 6, 11, 3, 12, 1, 15, 3, 14, 2, 2, 2, 9, 2, 2, 11, 5]

Run 21
Start: 1516476476.17
End: 1516477179.36
Elapsed: 703.190662861
Scores: [24, 17, 25, 29, 11, 24, 20, 23, 18, 29, 32, 22, 6, 29, 16, 28, 20, 20, 6, 25, 25, 21, 13, 28, 27, 22, 38, 33, 40, 27, 28, 14, 34, 9, 3, 4, 38, 25, 13, 25, 30, 14, 18, 34, 27, 34, 30, 18, 26, 29, 12, 35, 24, 7, 24, 12, 38, 30, 35, 14, 18, 31, 10, 32, 22, 16, 10, 33, 21, 18, 29, 4, 28, 31, 35, 42, 2, 30, 18, 31, 24, 30, 23, 30, 32, 9, 33, 31, 31, 28, 20, 25, 19, 33, 14, 31, 8, 22, 2, 30, 20, 34, 36, 33, 24, 22, 11, 15, 37, 28, 32, 20, 21, 34, 27, 29, 31, 28, 28, 26, 33, 16, 32, 30, 31, 13, 39, 33, 15, 22, 30, 19, 28, 24, 18, 25, 31, 32, 33, 29, 36, 22, 34, 20, 22, 19, 24, 34, 35, 19, 18, 18, 34, 5, 34, 14, 20, 33, 31, 20, 33, 28, 32, 20, 27, 37, 22, 26, 2, 40, 7, 4, 13, 20, 4, 31, 21, 31, 28, 38, 26, 29, 25, 3, 39, 18, 24, 30, 22, 33, 5, 30, 21, 16, 17, 24, 23, 20, 15, 33, 32, 33, 5, 25, 20, 32, 23, 37, 33, 30, 38, 33, 23, 31, 17, 29, 32, 16, 35, 25, 26, 33, 16, 18, 19, 32, 33, 8, 38, 31, 31, 21, 36, 24, 25, 33, 27, 25, 31, 36, 29, 10, 22, 34, 19, 30, 25, 3, 26, 28, 32, 24, 34, 34, 4, 19, 22, 5, 29, 6, 18, 21, 33, 20, 30, 22, 34, 28, 29, 19, 20, 26, 16, 29, 23, 36, 23, 31, 32, 19, 32, 2, 30, 32, 27, 34, 8, 7, 27, 24, 18, 34, 5, 31, 19, 10, 19, 34, 29, 9, 29, 11, 29, 36, 27, 36, 19, 22, 21, 8, 32, 17, 33, 27, 25, 32, 9, 30, 19, 35, 18, 17, 14, 27, 27, 39, 30, 42, 23, 31, 26, 21, 28, 22, 17, 29, 31, 28, 27, 27, 18, 20, 32, 21, 26, 20, 30, 31, 16, 25, 26, 15, 28, 25, 17, 10, 22, 31, 24, 25, 32, 18, 22, 30, 25, 43, 12, 31, 14, 7, 23, 2, 26, 11, 23, 35, 31, 33, 4, 18, 23, 25, 22, 35, 19, 18, 31, 20, 19, 22, 24, 27, 24, 34, 20, 24, 27, 6, 32, 10, 29, 40, 21, 28, 23, 2, 29, 20, 26, 4, 29, 27, 29, 22, 21, 24, 27, 26, 10, 14, 13, 23, 25, 28, 28, 21, 26, 28, 11, 30, 30, 36, 27, 10, 28, 26, 14, 14, 26, 23, 23, 29, 33, 23, 16, 8, 29, 30, 27, 19, 20, 23, 32, 27, 19, 6, 3, 20, 26, 2, 30, 29, 29, 32, 24, 26, 17, 21, 35, 29, 29, 4, 26, 30, 34, 36, 15, 21, 6, 24, 28, 25, 29, 25, 24, 24, 13, 30, 20, 18, 30, 21, 30, 23, 28, 21, 26, 33, 28, 15]

Run 22
Start: 1516477182.01
End: 1516477491.87
Elapsed: 309.858438015
Scores: [4, 7, 8, 17, 3, 10, 3, 13, 5, 11, 16, 10, 4, 10, 4, 6, 3, 4, 6, 6, 4, 1, 3, 7, 7, 2, 10, 13, 5, 3, 2, 6, 3, 7, 1, 22, 4, 1, 3, 10, 1, 1, 14, 6, 10, 3, 14, 16, 4, 11, 9, 10, 11, 13, 14, 11, 11, 14, 1, 5, 8, 11, 10, 7, 10, 2, 13, 12, 4, 2, 5, 14, 4, 15, 2, 6, 1, 12, 13, 8, 13, 10, 6, 2, 10, 3, 3, 10, 11, 13, 13, 11, 1, 12, 6, 6, 9, 14, 17, 6, 1, 6, 1, 5, 3, 18, 1, 9, 14, 4, 7, 3, 6, 20, 7, 6, 1, 4, 9, 7, 8, 5, 1, 7, 11, 4, 4, 8, 10, 13, 11, 4, 5, 17, 14, 16, 4, 1, 10, 2, 11, 13, 7, 8, 6, 2, 7, 9, 5, 2, 17, 7, 11, 14, 6, 9, 11, 4, 9, 4, 11, 16, 6, 7, 10, 1, 4, 7, 5, 13, 9, 5, 2, 6, 9, 18, 8, 11, 8, 4, 11, 9, 1, 22, 12, 1, 8, 6, 4, 29, 1, 1, 14, 13, 6, 11, 8, 11, 15, 1, 7, 12, 4, 12, 6, 3, 11, 2, 2, 8, 3, 1, 7, 5, 9, 12, 9, 16, 8, 9, 10, 8, 4, 3, 8, 8, 9, 9, 5, 4, 6, 15, 1, 4, 15, 8, 1, 1, 8, 12, 3, 12, 5, 9, 6, 6, 3, 1, 3, 6, 3, 10, 4, 3, 1, 19, 11, 8, 5, 13, 15, 7, 8, 1, 4, 5, 9, 4, 1, 11, 11, 5, 8, 7, 7, 8, 1, 1, 18, 4, 7, 7, 25, 11, 3, 1, 7, 6, 5, 2, 1, 14, 7, 4, 9, 8, 11, 1, 2, 5, 14, 2, 3, 2, 6, 3, 6, 6, 11, 1, 9, 5, 11, 5, 15, 3, 8, 2, 1, 11, 1, 7, 19, 12, 5, 2, 7, 5, 11, 3, 5, 10, 9, 1, 3, 8, 1, 7, 13, 1, 10, 9, 8, 6, 11, 11, 5, 4, 2, 9, 8, 4, 2, 11, 15, 8, 16, 8, 9, 6, 7, 7, 2, 1, 20, 14, 7, 2, 2, 6, 7, 1, 6, 4, 2, 1, 7, 3, 1, 15, 19, 6, 8, 2, 8, 10, 9, 4, 4, 6, 1, 9, 5, 4, 1, 4, 8, 6, 5, 10, 9, 1, 7, 8, 15, 4, 12, 2, 10, 9, 17, 10, 8, 1, 1, 3, 5, 10, 7, 6, 7, 1, 6, 9, 1, 13, 4, 1, 9, 6, 7, 19, 2, 6, 2, 9, 13, 3, 10, 5, 13, 1, 3, 5, 1, 7, 10, 5, 4, 9, 18, 11, 1, 4, 9, 2, 23, 17, 4, 6, 4, 13, 3, 5, 15, 11, 1, 11, 2, 1, 6, 1, 12, 21, 25, 1, 7, 12, 12, 4, 6, 13, 21, 6, 4, 14, 6, 6, 7, 11, 6, 1, 5, 17, 6, 1, 4, 10, 3, 14]

Run 29
Start: 1516477080.45
End: 1516477568.24
Elapsed: 487.787935019
Scores: [3, 17, 16, 18, 5, 18, 4, 12, 4, 5, 16, 15, 3, 13, 4, 6, 20, 9, 1, 8, 26, 14, 13, 1, 6, 9, 18, 6, 14, 16, 1, 24, 14, 2, 13, 8, 2, 6, 12, 13, 16, 15, 15, 8, 21, 15, 6, 0, 15, 0, 1, 16, 15, 17, 13, 4, 4, 11, 2, 14, 11, 15, 15, 11, 13, 9, 17, 22, 10, 1, 5, 7, 7, 9, 3, 15, 13, 18, 18, 0, 8, 1, 16, 10, 6, 23, 8, 5, 2, 3, 15, 15, 2, 13, 21, 14, 6, 8, 18, 8, 9, 19, 2, 6, 17, 6, 23, 5, 8, 0, 5, 16, 16, 21, 10, 4, 21, 18, 21, 13, 26, 5, 1, 9, 19, 5, 18, 17, 18, 16, 18, 24, 11, 6, 19, 15, 12, 14, 20, 11, 2, 3, 4, 8, 18, 12, 5, 4, 11, 17, 14, 3, 13, 10, 17, 15, 16, 1, 12, 1, 14, 20, 17, 10, 11, 17, 21, 17, 12, 19, 18, 15, 1, 21, 15, 1, 6, 15, 14, 15, 13, 16, 4, 22, 7, 13, 4, 11, 15, 6, 10, 2, 16, 18, 3, 23, 9, 19, 16, 5, 14, 23, 5, 23, 15, 14, 16, 18, 5, 1, 2, 16, 2, 12, 18, 15, 1, 16, 2, 20, 11, 8, 0, 15, 0, 7, 5, 14, 10, 17, 8, 1, 5, 11, 9, 2, 3, 16, 13, 4, 6, 16, 10, 5, 18, 17, 7, 9, 16, 10, 17, 14, 14, 17, 7, 19, 3, 1, 14, 20, 11, 19, 18, 15, 1, 5, 12, 5, 0, 8, 6, 15, 11, 19, 7, 14, 13, 7, 7, 13, 5, 7, 12, 12, 13, 3, 3, 12, 0, 14, 9, 13, 13, 28, 14, 2, 6, 14, 18, 5, 16, 16, 1, 7, 14, 14, 6, 12, 15, 8, 3, 6, 3, 17, 6, 13, 3, 5, 19, 15, 4, 4, 12, 14, 15, 21, 15, 3, 15, 3, 16, 13, 16, 17, 14, 9, 7, 15, 2, 19, 18, 2, 15, 13, 11, 2, 7, 12, 14, 6, 16, 13, 26, 19, 0, 22, 14, 17, 6, 21, 2, 3, 5, 6, 7, 18, 11, 2, 13, 9, 10, 7, 9, 10, 14, 1, 24, 13, 6, 19, 21, 18, 20, 10, 2, 5, 5, 10, 3, 19, 23, 17, 10, 2, 4, 0, 6, 17, 13, 13, 22, 16, 12, 1, 2, 10, 16, 17, 6, 4, 18, 17, 3, 8, 16, 0, 9, 18, 15, 3, 7, 18, 0, 19, 15, 11, 8, 8, 4, 5, 6, 13, 16, 16, 20, 7, 11, 5, 10, 8, 2, 4, 7, 6, 7, 7, 2, 15, 1, 10, 23, 14, 1, 10, 17, 19, 19, 10, 13, 15, 10, 14, 11, 10, 16, 7, 16, 14, 7, 17, 2, 2, 4, 22, 7, 18, 15, 11, 16, 2, 18, 14, 4, 17, 15, 8, 22, 11, 9, 7, 3, 16, 0, 23, 2, 18, 4, 15, 13, 9]

Run 15
Start: 1516477099.55
End: 1516477712.95
Elapsed: 613.396104097
Scores: [22, 25, 10, 25, 18, 16, 29, 20, 25, 31, 20, 19, 25, 25, 20, 25, 19, 18, 17, 18, 9, 26, 22, 23, 12, 19, 16, 25, 30, 17, 18, 17, 41, 12, 36, 20, 19, 19, 15, 27, 21, 13, 15, 3, 16, 30, 5, 19, 33, 24, 18, 20, 10, 19, 25, 17, 24, 19, 23, 32, 28, 1, 17, 4, 34, 24, 5, 21, 23, 18, 23, 17, 26, 14, 22, 22, 18, 27, 7, 15, 18, 34, 21, 20, 21, 27, 18, 3, 12, 11, 13, 6, 31, 31, 27, 19, 26, 21, 22, 25, 24, 30, 25, 13, 20, 8, 21, 18, 26, 22, 17, 12, 12, 5, 20, 13, 22, 9, 28, 27, 7, 19, 4, 22, 27, 22, 5, 18, 15, 25, 23, 24, 8, 22, 22, 13, 21, 19, 15, 27, 8, 15, 20, 41, 18, 21, 13, 6, 12, 31, 21, 27, 21, 15, 17, 1, 17, 21, 21, 18, 19, 20, 3, 2, 30, 10, 26, 3, 29, 26, 30, 21, 26, 37, 4, 16, 20, 23, 29, 25, 19, 21, 32, 18, 23, 18, 19, 14, 9, 33, 22, 20, 28, 20, 19, 31, 19, 5, 15, 22, 16, 22, 31, 20, 26, 18, 18, 37, 16, 21, 18, 15, 21, 22, 20, 35, 9, 27, 15, 19, 31, 12, 17, 23, 7, 17, 12, 19, 36, 16, 20, 30, 16, 19, 19, 13, 30, 3, 23, 3, 11, 19, 27, 12, 28, 32, 18, 10, 19, 15, 16, 5, 24, 27, 9, 22, 20, 21, 2, 26, 26, 22, 28, 25, 36, 15, 38, 16, 20, 26, 21, 22, 3, 5, 20, 17, 6, 27, 14, 26, 28, 13, 18, 30, 19, 28, 17, 21, 7, 17, 15, 6, 27, 24, 12, 26, 28, 6, 16, 18, 32, 22, 3, 24, 22, 7, 22, 22, 3, 15, 14, 17, 1, 18, 14, 22, 25, 24, 18, 13, 3, 31, 7, 19, 34, 19, 31, 28, 15, 11, 10, 21, 12, 20, 14, 16, 23, 21, 24, 15, 18, 19, 27, 19, 24, 21, 19, 23, 11, 3, 17, 25, 25, 22, 22, 34, 30, 30, 17, 28, 33, 16, 17, 18, 16, 23, 13, 24, 18, 17, 26, 21, 17, 28, 34, 9, 5, 2, 27, 16, 29, 17, 16, 6, 20, 25, 18, 31, 23, 18, 31, 14, 19, 28, 23, 22, 8, 25, 22, 28, 22, 18, 22, 16, 18, 14, 33, 17, 25, 20, 26, 28, 2, 31, 9, 31, 18, 30, 23, 16, 27, 27, 16, 26, 11, 17, 30, 20, 31, 13, 20, 14, 17, 16, 24, 22, 22, 27, 22, 17, 8, 17, 19, 24, 1, 20, 24, 20, 38, 21, 22, 31, 27, 19, 17, 21, 24, 22, 23, 21, 21, 17, 5, 30, 8, 18, 21, 21, 17, 29, 22, 1, 16, 20, 20, 14, 23, 29, 21, 28, 27, 20, 30, 15, 20, 23, 18, 27, 21, 24, 37, 20, 29, 14, 4, 5, 17, 28, 7, 18]

