Run 0
Start: 1516295.699251479
End: 1521214.603731264
Elapsed: 4918.904479784891
Scores: [36, 20, 28, 37, 16, 18, 15, 31, 16, 31, 34, 30, 37, 27, 19, 22, 37, 25, 29, 34, 24, 23, 23, 31, 27, 34, 20, 33, 22, 20, 34, 32, 36, 32, 23, 34, 17, 24, 23, 31, 32, 19, 21, 34, 32, 28, 26, 34, 34, 23, 27, 34, 32, 24, 35, 20, 25, 26, 26, 27, 28, 41, 37, 24, 32, 28, 25, 23, 38, 23, 24, 18, 33, 28, 32, 2, 25, 31, 36, 37, 10, 13, 28, 30, 27, 20, 26, 23, 24, 28, 35, 31, 24, 25, 23, 29, 25, 28, 26, 33, 16, 35, 20, 26, 37, 22, 30, 27, 28, 24, 19, 32, 21, 36, 24, 28, 23, 16, 28, 30, 19, 42, 27, 38, 33, 36, 18, 34, 32, 24, 30, 29, 40, 26, 33, 36, 30, 16, 37, 25, 17, 33, 28, 27, 22, 37, 25, 31, 30, 21, 21, 30, 35, 24, 16, 30, 35, 26, 28, 33, 28, 33, 36, 34, 28, 31, 28, 34, 23, 29, 28, 21, 27, 21, 37, 41, 37, 26, 35, 30, 14, 31, 22, 21, 27, 31, 44, 28, 23, 38, 20, 22, 23, 22, 28, 14, 31, 24, 35, 31, 33, 15, 31, 20, 19, 24, 20, 27, 25, 35, 18, 29, 26, 7, 31, 24, 33, 38, 37, 28, 19, 28, 16, 20, 35, 36, 28, 41, 34, 38, 22, 26, 23, 30, 10, 26, 25, 35, 34, 18, 17, 20, 23, 24, 19, 25, 22, 15, 34, 30, 35, 33, 23, 41, 20, 20, 23, 21, 30, 38, 35, 32, 29, 34, 36, 8, 30, 39, 29, 24, 27, 35, 40, 30, 40, 32, 32, 30, 26, 39, 22, 32, 36, 30, 23, 26, 27, 26, 24, 17, 27, 37, 29, 31, 28, 28, 19, 27, 23, 26, 27, 25, 31, 27, 29, 29, 29, 30, 26, 33, 40, 30, 17, 26, 23, 39, 23, 28, 17, 6, 19, 40, 37, 40, 28, 37, 46, 29, 28, 5, 22, 33, 22, 22, 40, 38, 35, 37, 24, 25, 38, 26, 32, 28, 34, 21, 40, 23, 16, 28, 25, 34, 34, 23, 23, 28, 34, 20, 30, 26, 30, 16, 17, 40, 37, 24, 26, 28, 26, 30, 35, 34, 23, 25, 29, 27, 27, 35, 25, 35, 35, 25, 30, 18, 21, 25, 39, 33, 24, 3, 25, 1, 18, 29, 35, 28, 28, 32, 36, 35, 26, 31, 22, 41, 30, 30, 9, 27, 23, 35, 30, 38, 30, 20, 26, 23, 24, 19, 35, 43, 30, 35, 22, 28, 24, 24, 15, 25, 32, 31, 37, 28, 20, 28, 36, 23, 30, 27, 29, 30, 30, 34, 19, 28, 30, 34, 26, 36, 25, 21, 15, 45, 20, 31, 29, 19, 19, 32, 34, 29, 31, 43, 24, 28, 37, 29, 12, 24, 32, 32, 33, 42, 29, 35, 15, 26, 27, 16, 28, 25, 38, 32, 32, 24, 25, 30, 23, 22, 35, 20, 37, 17, 33, 36, 23, 27, 22, 15, 24, 23]

Run 1
Start: 1521222.994234451
End: 1525218.268411183
Elapsed: 3995.2741767319385
Scores: [30, 33, 31, 22, 25, 16, 27, 23, 36, 28, 29, 31, 27, 21, 24, 21, 30, 20, 27, 28, 24, 25, 19, 25, 12, 19, 30, 16, 8, 20, 27, 28, 24, 18, 29, 20, 26, 36, 32, 23, 33, 25, 23, 27, 28, 23, 27, 22, 24, 19, 25, 25, 26, 25, 7, 9, 31, 25, 31, 22, 25, 27, 24, 35, 27, 30, 19, 24, 19, 24, 27, 26, 28, 31, 27, 21, 24, 21, 35, 25, 30, 30, 22, 24, 33, 26, 29, 19, 18, 20, 22, 23, 20, 31, 22, 9, 23, 28, 30, 19, 20, 30, 26, 28, 26, 21, 25, 8, 30, 18, 27, 29, 32, 17, 21, 19, 36, 29, 16, 30, 32, 19, 22, 31, 30, 33, 34, 29, 35, 20, 25, 23, 30, 33, 31, 31, 30, 37, 28, 27, 25, 26, 32, 30, 9, 29, 28, 36, 23, 18, 30, 20, 26, 35, 29, 32, 29, 7, 20, 28, 17, 28, 29, 5, 26, 18, 30, 25, 27, 27, 20, 22, 24, 25, 19, 26, 16, 39, 19, 30, 18, 28, 32, 33, 27, 5, 34, 20, 15, 22, 23, 21, 26, 32, 13, 6, 31, 22, 24, 33, 31, 27, 36, 32, 27, 27, 23, 29, 31, 27, 33, 18, 22, 14, 34, 12, 28, 14, 27, 23, 6, 24, 26, 31, 25, 30, 32, 27, 31, 22, 19, 26, 15, 32, 22, 5, 9, 33, 22, 32, 21, 32, 24, 29, 26, 29, 30, 17, 35, 24, 22, 25, 30, 29, 30, 32, 28, 20, 31, 25, 25, 34, 16, 20, 20, 21, 30, 27, 23, 24, 20, 34, 25, 24, 26, 30, 30, 31, 28, 17, 27, 29, 22, 29, 33, 28, 25, 25, 14, 34, 25, 34, 24, 22, 21, 26, 12, 19, 24, 26, 26, 23, 24, 32, 22, 19, 22, 28, 33, 25, 23, 31, 33, 29, 15, 31, 24, 18, 20, 28, 32, 27, 30, 34, 19, 25, 26, 24, 27, 25, 23, 32, 20, 31, 24, 26, 31, 20, 16, 28, 20, 25, 28, 21, 30, 16, 23, 28, 33, 28, 28, 30, 31, 23, 39, 29, 29, 28, 15, 1, 20, 23, 17, 29, 17, 23, 34, 23, 29, 29, 33, 24, 19, 22, 31, 26, 32, 32, 32, 26, 34, 32, 5, 29, 31, 33, 34, 30, 31, 21, 32, 18, 32, 19, 32, 29, 20, 24, 19, 23, 23, 18, 20, 23, 27, 2, 23, 23, 29, 26, 33, 31, 23, 31, 31, 26, 17, 27, 28, 34, 29, 29, 21, 25, 21, 21, 33, 39, 20, 22, 26, 22, 31, 32, 27, 15, 27, 20, 26, 23, 24, 22, 27, 30, 29, 18, 31, 21, 20, 27, 26, 27, 29, 31, 28, 28, 22, 25, 29, 31, 31, 25, 27, 16, 27, 26, 26, 27, 28, 29, 34, 30, 21, 34, 23, 24, 24, 32, 18, 31, 29, 29, 40, 29, 31, 19, 29, 22, 24, 25, 26, 29, 26, 23, 23, 29, 20, 33, 35, 14]

Run 2
Start: 1525226.247918696
End: 1529693.375346984
Elapsed: 4467.127428288106
Scores: [13, 26, 18, 16, 15, 26, 20, 24, 28, 21, 22, 32, 26, 23, 6, 22, 25, 1, 25, 17, 28, 15, 21, 27, 5, 8, 27, 1, 12, 5, 6, 23, 27, 31, 31, 27, 3, 23, 29, 17, 15, 25, 18, 6, 26, 36, 10, 17, 27, 12, 23, 32, 30, 18, 7, 24, 7, 28, 22, 10, 28, 1, 32, 16, 10, 39, 18, 24, 2, 19, 24, 8, 13, 7, 1, 28, 13, 42, 21, 37, 30, 7, 25, 8, 31, 15, 20, 39, 2, 22, 18, 4, 24, 10, 12, 23, 22, 25, 25, 34, 21, 25, 24, 29, 22, 3, 1, 4, 15, 23, 9, 24, 19, 20, 4, 21, 27, 33, 20, 33, 7, 24, 8, 21, 13, 8, 11, 1, 8, 16, 17, 19, 12, 25, 27, 22, 25, 9, 33, 32, 22, 19, 22, 8, 37, 11, 6, 21, 12, 21, 32, 5, 7, 20, 11, 2, 7, 19, 25, 19, 34, 6, 18, 29, 9, 9, 6, 29, 4, 26, 15, 32, 28, 15, 25, 25, 6, 11, 6, 10, 27, 2, 25, 9, 29, 25, 13, 7, 8, 25, 24, 13, 24, 12, 35, 11, 4, 16, 27, 42, 23, 26, 33, 23, 4, 25, 36, 18, 10, 24, 5, 18, 34, 24, 27, 15, 28, 18, 10, 33, 11, 31, 24, 16, 30, 23, 4, 10, 1, 1, 17, 24, 25, 1, 13, 25, 14, 16, 17, 4, 19, 23, 9, 20, 23, 27, 26, 3, 23, 19, 10, 18, 29, 2, 22, 26, 3, 9, 34, 30, 28, 9, 12, 23, 13, 25, 24, 30, 25, 25, 3, 7, 25, 21, 27, 12, 15, 6, 5, 13, 28, 26, 11, 3, 23, 8, 7, 25, 20, 24, 29, 31, 18, 26, 17, 16, 18, 26, 28, 12, 18, 31, 26, 31, 10, 30, 34, 36, 25, 3, 1, 29, 17, 38, 21, 31, 26, 19, 29, 2, 25, 7, 24, 22, 33, 6, 25, 31, 3, 9, 10, 27, 20, 4, 10, 16, 18, 9, 4, 23, 35, 6, 30, 23, 26, 13, 4, 38, 3, 12, 25, 35, 19, 15, 29, 27, 25, 12, 6, 25, 30, 8, 5, 4, 5, 17, 1, 19, 27, 7, 1, 18, 6, 23, 18, 6, 27, 30, 15, 11, 23, 13, 27, 18, 28, 7, 27, 22, 29, 12, 14, 25, 24, 26, 22, 35, 27, 19, 35, 25, 23, 27, 12, 26, 25, 2, 36, 20, 13, 10, 16, 27, 18, 28, 1, 26, 22, 1, 5, 36, 4, 31, 11, 31, 32, 27, 32, 3, 23, 1, 33, 3, 1, 27, 29, 27, 6, 26, 6, 27, 25, 18, 7, 5, 29, 18, 17, 18, 18, 26, 34, 7, 30, 36, 33, 22, 7, 12, 25, 24, 20, 5, 4, 30, 23, 32, 12, 34, 7, 18, 17, 17, 18, 7, 31, 7, 25, 17, 25, 3, 32, 37, 18, 29, 9, 8, 15, 23, 7, 31, 26, 27, 25, 2, 3, 13, 26, 9, 16, 20]

Run 3
Start: 1529699.812770033
End: 1535636.417884242
Elapsed: 5936.605114209
Scores: [1, 28, 25, 8, 30, 30, 4, 22, 22, 3, 22, 4, 11, 2, 15, 6, 14, 17, 4, 24, 28, 8, 18, 5, 29, 6, 1, 17, 29, 4, 6, 22, 21, 1, 19, 22, 26, 20, 11, 26, 20, 22, 14, 11, 32, 4, 20, 15, 26, 20, 18, 16, 12, 9, 8, 11, 9, 17, 16, 28, 22, 21, 19, 20, 17, 26, 15, 15, 15, 31, 25, 21, 2, 15, 6, 11, 26, 26, 24, 21, 11, 5, 9, 1, 5, 8, 23, 16, 13, 30, 7, 22, 26, 20, 14, 13, 31, 27, 17, 8, 19, 13, 31, 27, 18, 21, 24, 21, 4, 18, 21, 2, 27, 25, 26, 24, 33, 22, 20, 20, 25, 5, 7, 25, 10, 29, 9, 13, 18, 11, 19, 15, 30, 13, 20, 17, 18, 8, 30, 20, 29, 29, 1, 15, 22, 24, 15, 8, 4, 17, 14, 14, 5, 18, 17, 27, 15, 17, 2, 17, 15, 14, 25, 22, 16, 12, 16, 18, 22, 36, 11, 22, 5, 24, 5, 10, 29, 23, 6, 6, 19, 13, 17, 5, 11, 5, 26, 22, 3, 24, 24, 27, 33, 7, 21, 22, 23, 25, 18, 15, 13, 16, 7, 10, 19, 20, 1, 22, 33, 4, 22, 24, 3, 8, 20, 28, 26, 11, 12, 21, 13, 2, 12, 12, 25, 3, 23, 20, 15, 20, 27, 21, 14, 18, 25, 28, 18, 17, 22, 6, 8, 11, 6, 5, 8, 29, 27, 17, 7, 12, 25, 16, 24, 20, 1, 23, 22, 20, 13, 13, 26, 23, 10, 10, 22, 24, 9, 23, 29, 9, 8, 28, 24, 7, 26, 19, 23, 17, 11, 12, 15, 18, 13, 24, 15, 9, 22, 3, 31, 30, 13, 16, 25, 16, 8, 27, 19, 5, 14, 25, 24, 7, 16, 27, 30, 23, 9, 28, 30, 17, 20, 25, 18, 21, 21, 12, 25, 31, 23, 25, 10, 31, 22, 25, 27, 25, 23, 11, 13, 11, 18, 5, 29, 20, 19, 8, 1, 8, 24, 23, 21, 8, 16, 1, 8, 25, 13, 15, 6, 3, 18, 24, 2, 26, 13, 30, 18, 29, 8, 9, 25, 22, 27, 15, 26, 9, 3, 17, 9, 14, 28, 23, 27, 14, 18, 15, 22, 3, 16, 16, 8, 25, 25, 15, 3, 19, 20, 1, 23, 30, 28, 3, 2, 34, 1, 18, 24, 16, 21, 27, 24, 10, 20, 23, 24, 15, 26, 27, 3, 17, 25, 2, 13, 18, 10, 20, 28, 21, 30, 25, 2, 10, 9, 25, 6, 19, 2, 30, 16, 19, 16, 25, 18, 25, 20, 23, 7, 16, 22, 7, 15, 5, 29, 11, 25, 30, 12, 14, 9, 14, 15, 12, 31, 5, 19, 23, 21, 15, 4, 16, 15, 31, 8, 13, 25, 24, 27, 19, 25, 27, 24, 21, 34, 21, 20, 15, 24, 19, 3, 23, 5, 25, 4, 15, 16, 13, 21, 17, 17, 26, 19, 7, 26, 21, 18, 1, 24, 6, 3, 23]

Run 4
Start: 1535642.111160978
End: 1539732.609110027
Elapsed: 4090.4979490491096
Scores: [27, 30, 34, 29, 31, 22, 26, 24, 29, 26, 10, 18, 22, 24, 20, 29, 26, 25, 12, 19, 28, 16, 29, 38, 30, 27, 28, 40, 33, 26, 21, 37, 20, 29, 27, 33, 26, 17, 25, 9, 21, 2, 21, 28, 34, 27, 27, 34, 24, 32, 29, 34, 24, 25, 30, 20, 23, 27, 22, 30, 25, 23, 10, 12, 21, 33, 32, 26, 28, 27, 30, 16, 21, 36, 29, 15, 9, 24, 26, 21, 29, 24, 33, 16, 7, 18, 20, 17, 28, 21, 27, 30, 28, 9, 28, 27, 26, 33, 23, 17, 34, 31, 2, 16, 29, 20, 33, 23, 22, 4, 9, 30, 33, 32, 27, 21, 27, 37, 22, 31, 31, 24, 31, 20, 23, 21, 29, 17, 14, 25, 29, 17, 29, 28, 26, 28, 18, 33, 3, 27, 24, 29, 24, 36, 2, 16, 29, 25, 22, 25, 42, 15, 14, 32, 26, 28, 26, 32, 31, 19, 5, 36, 17, 30, 38, 36, 29, 28, 35, 29, 23, 18, 2, 22, 30, 25, 21, 26, 25, 19, 18, 9, 27, 30, 27, 24, 35, 9, 5, 32, 10, 27, 22, 27, 35, 22, 34, 32, 26, 21, 26, 29, 22, 33, 34, 31, 22, 24, 27, 24, 25, 22, 34, 32, 24, 5, 25, 25, 27, 30, 28, 37, 21, 29, 14, 28, 26, 22, 19, 28, 13, 31, 24, 31, 13, 29, 23, 23, 31, 12, 3, 29, 29, 10, 31, 25, 28, 20, 3, 29, 33, 9, 31, 33, 24, 22, 25, 23, 23, 31, 21, 16, 19, 30, 7, 33, 33, 24, 30, 28, 21, 4, 21, 29, 13, 34, 18, 38, 22, 18, 14, 41, 17, 29, 29, 21, 30, 35, 28, 32, 20, 24, 22, 21, 28, 21, 29, 30, 27, 24, 22, 32, 7, 23, 31, 29, 14, 29, 25, 18, 4, 35, 21, 30, 33, 22, 26, 25, 22, 23, 12, 30, 18, 30, 27, 7, 32, 38, 32, 27, 30, 22, 31, 29, 21, 22, 24, 21, 31, 9, 13, 22, 22, 27, 34, 24, 25, 17, 27, 20, 32, 27, 24, 29, 16, 16, 20, 27, 32, 26, 26, 26, 30, 28, 32, 21, 18, 27, 32, 26, 6, 30, 24, 25, 26, 34, 26, 25, 34, 17, 39, 19, 27, 20, 23, 25, 32, 25, 30, 20, 24, 26, 26, 23, 21, 18, 16, 23, 31, 32, 27, 24, 18, 8, 23, 11, 12, 26, 10, 24, 27, 24, 34, 22, 31, 22, 24, 37, 4, 28, 25, 3, 32, 35, 25, 22, 32, 21, 32, 25, 21, 28, 32, 4, 10, 28, 31, 23, 35, 17, 3, 37, 24, 26, 32, 32, 17, 2, 26, 37, 26, 23, 17, 23, 34, 25, 25, 20, 26, 39, 32, 27, 34, 20, 29, 27, 7, 32, 31, 27, 25, 23, 29, 25, 32, 18, 24, 28, 2, 31, 28, 30, 26, 28, 2, 24, 22, 31, 36, 31, 25, 2, 22, 32, 31, 24, 24, 22, 11, 24]

Run 5
Start: 1539740.19802159
End: 1544062.355327656
Elapsed: 4322.157306066016
Scores: [30, 18, 22, 21, 28, 10, 13, 3, 29, 25, 36, 20, 31, 30, 21, 34, 13, 3, 33, 15, 26, 31, 25, 12, 32, 5, 10, 27, 10, 20, 26, 31, 29, 5, 27, 14, 9, 4, 37, 22, 24, 13, 19, 26, 10, 31, 30, 24, 33, 14, 23, 33, 3, 27, 24, 22, 22, 1, 21, 33, 30, 32, 16, 28, 7, 24, 26, 28, 11, 12, 7, 22, 26, 19, 12, 17, 28, 28, 20, 3, 29, 25, 16, 5, 1, 8, 28, 14, 27, 23, 20, 14, 23, 35, 9, 19, 4, 17, 31, 6, 17, 19, 22, 15, 45, 21, 23, 35, 29, 33, 23, 3, 23, 18, 14, 20, 10, 32, 40, 28, 20, 21, 17, 22, 21, 7, 6, 8, 20, 9, 36, 1, 28, 18, 25, 22, 11, 25, 9, 25, 17, 26, 3, 6, 10, 23, 28, 22, 3, 19, 32, 32, 24, 1, 10, 21, 7, 22, 26, 21, 36, 6, 22, 3, 36, 19, 6, 25, 27, 29, 34, 8, 15, 16, 4, 33, 20, 9, 27, 11, 9, 25, 25, 26, 5, 30, 23, 12, 27, 19, 3, 22, 25, 9, 32, 15, 34, 30, 21, 16, 25, 1, 24, 28, 8, 21, 29, 22, 5, 15, 2, 26, 5, 26, 27, 1, 33, 34, 19, 2, 33, 28, 27, 15, 25, 28, 25, 24, 28, 17, 16, 11, 1, 17, 28, 28, 25, 36, 29, 24, 1, 14, 32, 6, 10, 24, 29, 14, 21, 22, 27, 9, 14, 9, 32, 36, 20, 8, 24, 32, 23, 16, 29, 19, 36, 4, 16, 6, 28, 17, 2, 21, 30, 2, 18, 13, 16, 6, 13, 32, 1, 13, 3, 34, 25, 7, 8, 19, 4, 9, 23, 22, 46, 33, 19, 16, 2, 14, 1, 17, 11, 26, 25, 1, 36, 18, 22, 4, 6, 1, 37, 20, 29, 29, 9, 34, 27, 15, 31, 5, 32, 13, 18, 4, 18, 23, 25, 13, 26, 7, 7, 21, 41, 25, 17, 8, 25, 15, 12, 6, 24, 14, 12, 4, 34, 8, 28, 34, 34, 22, 15, 12, 21, 32, 16, 30, 22, 33, 22, 25, 32, 19, 23, 23, 7, 28, 5, 29, 29, 28, 13, 39, 24, 28, 32, 28, 1, 27, 13, 24, 20, 22, 18, 31, 20, 23, 7, 24, 23, 15, 21, 18, 6, 21, 4, 23, 2, 8, 28, 21, 20, 15, 23, 27, 8, 1, 2, 12, 42, 32, 26, 33, 29, 28, 34, 13, 26, 7, 7, 8, 24, 25, 18, 29, 24, 21, 10, 8, 19, 18, 5, 23, 17, 2, 41, 24, 18, 12, 15, 7, 18, 31, 28, 35, 26, 19, 15, 8, 15, 21, 8, 19, 23, 7, 24, 5, 6, 29, 19, 33, 4, 9, 7, 16, 38, 32, 14, 19, 13, 28, 22, 21, 32, 12, 28, 18, 16, 27, 28, 8, 36, 34, 1, 4, 28, 22, 24, 7, 22, 20, 20, 32, 38, 5, 4, 34, 12, 5, 25, 25]

Run 6
Start: 1544069.196082185
End: 1547826.613989987
Elapsed: 3757.4179078019224
Scores: [32, 22, 26, 11, 9, 4, 16, 3, 5, 27, 19, 33, 18, 23, 21, 30, 11, 16, 20, 17, 14, 27, 24, 13, 20, 36, 27, 11, 22, 14, 12, 10, 16, 18, 11, 20, 31, 14, 15, 15, 27, 32, 9, 15, 9, 17, 4, 26, 23, 21, 7, 11, 12, 30, 21, 18, 24, 7, 31, 17, 17, 20, 22, 14, 12, 22, 22, 18, 13, 12, 9, 17, 11, 24, 21, 33, 13, 24, 8, 4, 20, 25, 38, 16, 26, 21, 22, 25, 27, 7, 32, 6, 20, 26, 21, 28, 21, 30, 27, 8, 10, 18, 3, 12, 19, 24, 34, 32, 10, 29, 5, 39, 31, 35, 18, 34, 19, 20, 9, 25, 31, 28, 27, 30, 23, 33, 28, 14, 24, 4, 15, 27, 19, 10, 23, 9, 35, 9, 3, 27, 25, 15, 15, 20, 9, 5, 15, 15, 24, 27, 6, 20, 15, 30, 5, 6, 21, 19, 14, 15, 18, 21, 24, 17, 26, 37, 27, 11, 7, 26, 8, 24, 27, 33, 26, 23, 35, 27, 19, 25, 18, 12, 25, 23, 23, 14, 26, 26, 26, 15, 32, 18, 27, 21, 21, 13, 13, 11, 23, 20, 35, 22, 17, 3, 9, 6, 16, 6, 17, 20, 7, 28, 16, 30, 21, 9, 22, 11, 24, 21, 21, 26, 31, 17, 25, 24, 39, 19, 34, 22, 27, 16, 24, 24, 24, 25, 35, 19, 25, 30, 12, 16, 18, 30, 11, 19, 18, 30, 29, 20, 18, 31, 28, 22, 27, 10, 24, 18, 18, 20, 25, 15, 13, 25, 4, 34, 9, 27, 28, 30, 25, 27, 15, 21, 8, 17, 29, 3, 2, 23, 32, 27, 35, 18, 11, 7, 34, 21, 38, 26, 15, 4, 18, 19, 18, 34, 30, 3, 4, 24, 23, 19, 37, 25, 5, 12, 20, 21, 13, 17, 16, 29, 22, 19, 20, 14, 4, 21, 18, 13, 3, 22, 21, 23, 30, 24, 6, 20, 16, 26, 23, 8, 20, 31, 22, 17, 8, 9, 24, 22, 18, 19, 17, 18, 18, 26, 11, 14, 8, 29, 11, 1, 18, 30, 6, 13, 22, 9, 21, 12, 2, 7, 18, 23, 13, 15, 7, 22, 21, 10, 26, 19, 17, 28, 22, 21, 12, 27, 5, 5, 26, 20, 16, 5, 18, 14, 26, 19, 11, 25, 10, 22, 28, 10, 25, 16, 21, 11, 12, 38, 10, 27, 12, 10, 23, 26, 26, 20, 33, 11, 12, 30, 22, 22, 6, 4, 18, 24, 26, 18, 2, 13, 26, 30, 16, 22, 23, 24, 33, 23, 11, 18, 29, 20, 12, 26, 31, 37, 18, 27, 21, 23, 29, 8, 4, 31, 18, 26, 2, 5, 22, 14, 29, 4, 30, 18, 14, 26, 11, 19, 21, 12, 23, 31, 26, 10, 10, 18, 19, 4, 26, 22, 26, 15, 9, 3, 30, 28, 22, 6, 21, 18, 24, 28, 29, 11, 9, 28, 14, 17, 30, 15, 27, 27, 22, 21, 29, 32, 19, 22]

Run 7
Start: 1547831.503401439
End: 1551427.533832377
Elapsed: 3596.030430938117
Scores: [18, 32, 13, 19, 19, 11, 18, 3, 23, 8, 32, 19, 36, 8, 18, 3, 8, 32, 11, 26, 29, 13, 33, 23, 20, 15, 23, 24, 11, 8, 13, 9, 15, 18, 12, 27, 33, 10, 32, 31, 19, 25, 4, 31, 20, 37, 25, 13, 11, 2, 30, 26, 25, 26, 4, 24, 21, 27, 28, 36, 10, 7, 3, 31, 19, 16, 1, 6, 12, 19, 14, 24, 14, 24, 33, 8, 12, 30, 22, 30, 21, 17, 1, 30, 5, 1, 6, 30, 25, 24, 11, 33, 25, 21, 9, 26, 30, 16, 33, 21, 29, 11, 25, 29, 27, 24, 26, 15, 8, 27, 16, 22, 23, 2, 10, 2, 19, 34, 3, 13, 21, 22, 7, 19, 29, 25, 16, 14, 10, 29, 6, 23, 7, 21, 15, 30, 17, 9, 3, 12, 23, 22, 17, 24, 15, 32, 36, 30, 17, 18, 15, 34, 23, 28, 29, 11, 26, 33, 26, 29, 20, 9, 3, 25, 4, 24, 23, 23, 22, 30, 28, 31, 22, 27, 16, 17, 36, 4, 9, 19, 3, 30, 23, 36, 19, 36, 27, 24, 23, 13, 29, 20, 24, 33, 17, 2, 32, 29, 3, 18, 21, 16, 29, 19, 29, 23, 30, 24, 16, 31, 24, 23, 25, 8, 23, 12, 27, 12, 38, 10, 28, 24, 13, 10, 36, 22, 20, 16, 36, 17, 25, 21, 1, 15, 29, 24, 5, 25, 25, 16, 40, 8, 19, 33, 17, 15, 10, 13, 31, 22, 16, 14, 29, 35, 39, 20, 5, 7, 31, 25, 7, 22, 29, 7, 15, 27, 15, 25, 2, 14, 4, 18, 26, 24, 20, 7, 10, 24, 23, 7, 22, 19, 28, 4, 25, 37, 17, 26, 26, 32, 31, 24, 27, 17, 35, 2, 5, 28, 9, 4, 31, 28, 17, 26, 28, 30, 4, 1, 31, 17, 22, 6, 28, 22, 24, 23, 8, 30, 14, 18, 22, 27, 25, 33, 26, 24, 4, 18, 20, 14, 16, 32, 17, 14, 1, 21, 18, 27, 14, 23, 29, 28, 36, 29, 27, 18, 22, 17, 26, 15, 16, 14, 18, 11, 27, 4, 32, 23, 15, 6, 26, 18, 29, 23, 13, 13, 27, 21, 25, 21, 32, 31, 23, 25, 16, 9, 5, 1, 36, 7, 42, 21, 40, 30, 26, 20, 7, 33, 19, 32, 25, 24, 22, 3, 24, 13, 30, 24, 33, 29, 2, 24, 23, 9, 13, 17, 8, 20, 5, 27, 23, 25, 4, 31, 26, 16, 21, 33, 21, 25, 2, 22, 6, 33, 17, 19, 6, 27, 21, 25, 36, 12, 35, 32, 23, 29, 23, 23, 29, 18, 28, 19, 35, 15, 6, 32, 31, 13, 31, 1, 36, 24, 35, 32, 17, 1, 14, 21, 31, 24, 27, 19, 28, 33, 21, 28, 27, 26, 34, 12, 23, 18, 1, 25, 11, 24, 25, 14, 19, 22, 16, 27, 4, 2, 28, 20, 25, 23, 5, 18, 13, 43, 22, 18, 1, 29, 15, 28, 20, 2]

Run 8
Start: 1551432.874756997
End: 1554535.402039422
Elapsed: 3102.5272824249696
Scores: [17, 13, 18, 20, 18, 24, 28, 26, 13, 32, 33, 4, 4, 4, 26, 25, 18, 20, 14, 33, 30, 17, 4, 31, 24, 19, 17, 29, 23, 30, 22, 27, 32, 26, 26, 26, 30, 20, 18, 18, 30, 26, 29, 14, 23, 27, 22, 2, 28, 18, 14, 36, 13, 1, 28, 20, 9, 15, 30, 27, 25, 19, 23, 15, 22, 19, 11, 4, 10, 22, 25, 29, 21, 23, 34, 5, 26, 13, 21, 5, 28, 23, 32, 19, 9, 32, 24, 19, 2, 11, 25, 27, 24, 28, 20, 2, 34, 21, 2, 27, 37, 36, 20, 11, 21, 27, 24, 17, 30, 2, 23, 15, 30, 19, 30, 29, 24, 6, 27, 12, 11, 22, 26, 34, 24, 14, 26, 35, 27, 14, 26, 21, 26, 21, 27, 6, 27, 19, 17, 24, 1, 18, 21, 22, 25, 27, 22, 14, 14, 27, 18, 22, 15, 24, 12, 10, 33, 31, 19, 25, 22, 22, 19, 27, 20, 16, 14, 31, 16, 2, 21, 29, 22, 2, 15, 29, 17, 20, 18, 17, 27, 20, 12, 33, 32, 24, 4, 28, 4, 21, 23, 29, 10, 14, 28, 23, 6, 17, 12, 22, 18, 37, 20, 22, 1, 28, 24, 26, 19, 20, 19, 14, 8, 28, 35, 21, 20, 5, 22, 16, 25, 24, 26, 26, 25, 3, 30, 21, 10, 23, 25, 28, 31, 12, 20, 23, 14, 28, 26, 6, 39, 18, 17, 17, 25, 15, 31, 23, 27, 8, 19, 24, 10, 23, 34, 14, 18, 3, 11, 29, 33, 26, 30, 19, 8, 33, 25, 27, 19, 15, 22, 13, 7, 17, 13, 15, 28, 13, 18, 34, 23, 10, 24, 33, 25, 33, 34, 30, 22, 23, 20, 29, 3, 28, 37, 22, 17, 15, 27, 16, 21, 22, 35, 23, 24, 16, 23, 19, 30, 20, 29, 16, 22, 4, 20, 25, 25, 19, 19, 15, 31, 3, 21, 25, 18, 31, 23, 19, 25, 23, 24, 24, 6, 13, 24, 27, 25, 28, 8, 24, 23, 22, 10, 26, 16, 36, 24, 15, 29, 30, 31, 24, 9, 29, 19, 18, 23, 4, 28, 28, 9, 26, 16, 13, 29, 3, 28, 18, 19, 26, 27, 22, 18, 28, 21, 4, 32, 21, 20, 26, 23, 2, 24, 23, 33, 3, 26, 20, 29, 16, 21, 25, 4, 29, 18, 21, 33, 11, 31, 5, 34, 22, 25, 35, 42, 22, 24, 26, 27, 16, 24, 23, 30, 17, 25, 26, 30, 13, 24, 26, 20, 25, 35, 33, 14, 14, 26, 25, 23, 31, 10, 30, 33, 11, 18, 30, 32, 9, 38, 7, 6, 30, 32, 26, 16, 26, 9, 15, 25, 25, 32, 13, 23, 27, 32, 34, 25, 5, 27, 6, 27, 21, 8, 12, 24, 29, 30, 2, 36, 31, 19, 28, 6, 29, 25, 9, 14, 11, 29, 27, 21, 35, 17, 36, 24, 27, 29, 26, 24, 27, 24, 24, 23, 28, 27, 30, 11, 5, 10, 27]

Run 9
Start: 1554542.251286907
End: 1557716.237952528
Elapsed: 3173.986665621167
Scores: [24, 23, 31, 27, 38, 11, 27, 36, 29, 21, 29, 26, 25, 7, 26, 32, 23, 21, 45, 27, 25, 1, 33, 27, 13, 6, 37, 27, 26, 7, 21, 34, 8, 30, 11, 38, 35, 9, 32, 10, 31, 31, 12, 25, 19, 30, 5, 13, 37, 31, 25, 5, 6, 33, 5, 22, 21, 37, 15, 37, 31, 2, 25, 8, 12, 28, 35, 27, 20, 24, 25, 40, 35, 8, 27, 37, 33, 25, 17, 28, 37, 22, 45, 33, 30, 29, 29, 14, 11, 25, 20, 25, 22, 39, 16, 31, 28, 32, 28, 31, 32, 7, 32, 37, 27, 4, 41, 31, 17, 32, 23, 23, 37, 29, 50, 16, 31, 30, 33, 34, 28, 50, 35, 38, 15, 39, 41, 15, 25, 24, 28, 33, 31, 32, 46, 16, 16, 32, 32, 28, 23, 30, 36, 33, 26, 18, 36, 30, 36, 32, 25, 36, 31, 29, 34, 34, 25, 29, 34, 31, 27, 12, 25, 28, 29, 30, 27, 30, 30, 11, 34, 21, 20, 29, 14, 17, 23, 27, 21, 27, 34, 36, 27, 2, 21, 22, 22, 36, 27, 14, 25, 12, 23, 34, 28, 36, 19, 40, 34, 30, 33, 32, 17, 23, 18, 22, 16, 29, 7, 32, 22, 19, 38, 24, 37, 37, 33, 25, 49, 19, 31, 23, 33, 20, 35, 25, 24, 28, 38, 26, 9, 16, 20, 18, 31, 16, 32, 33, 34, 24, 10, 32, 31, 24, 23, 28, 31, 17, 31, 31, 28, 29, 32, 14, 32, 20, 24, 38, 25, 15, 28, 34, 4, 37, 32, 22, 2, 26, 23, 32, 33, 7, 34, 36, 24, 15, 22, 39, 31, 28, 19, 40, 27, 33, 21, 14, 24, 32, 31, 34, 25, 20, 27, 27, 14, 22, 25, 26, 23, 25, 28, 8, 38, 28, 33, 26, 36, 16, 36, 30, 21, 29, 18, 27, 16, 27, 22, 32, 30, 5, 39, 33, 34, 28, 21, 43, 10, 25, 28, 49, 20, 25, 31, 26, 29, 8, 30, 38, 21, 31, 26, 8, 12, 30, 24, 27, 33, 20, 28, 34, 34, 32, 21, 38, 35, 33, 23, 8, 30, 27, 30, 26, 26, 9, 34, 27, 23, 29, 35, 39, 19, 27, 23, 16, 30, 27, 24, 18, 12, 33, 18, 35, 29, 22, 24, 18, 27, 20, 25, 30, 12, 33, 29, 27, 21, 13, 21, 38, 35, 32, 4, 34, 31, 24, 28, 25, 16, 8, 22, 22, 9, 41, 32, 30, 19, 25, 37, 25, 46, 20, 24, 27, 34, 23, 15, 30, 27, 29, 29, 31, 36, 25, 21, 8, 43, 31, 37, 28, 34, 25, 46, 16, 15, 41, 19, 24, 5, 23, 28, 33, 35, 34, 27, 30, 33, 28, 20, 28, 38, 38, 18, 29, 24, 11, 21, 26, 27, 38, 39, 25, 33, 21, 35, 48, 7, 26, 31, 28, 26, 30, 28, 30, 33, 36, 36, 37, 25, 23, 30, 26, 35, 21, 31, 34, 25, 8, 20, 34, 28, 25]

Run 10
Start: 1557722.114463181
End: 1563275.065068553
Elapsed: 5552.950605371967
Scores: [25, 30, 32, 33, 23, 32, 29, 38, 27, 26, 21, 29, 26, 37, 33, 29, 34, 28, 35, 27, 8, 27, 28, 26, 30, 31, 34, 38, 31, 27, 35, 34, 32, 33, 22, 8, 5, 30, 10, 29, 34, 33, 26, 22, 26, 19, 31, 18, 28, 15, 32, 32, 3, 31, 5, 40, 4, 29, 15, 29, 22, 34, 32, 38, 21, 6, 23, 28, 13, 26, 30, 22, 30, 29, 23, 34, 31, 30, 32, 33, 34, 32, 24, 19, 16, 27, 19, 19, 26, 28, 32, 20, 29, 23, 32, 12, 28, 39, 28, 35, 26, 14, 29, 32, 23, 22, 27, 11, 27, 30, 12, 15, 2, 32, 38, 26, 20, 19, 28, 11, 7, 36, 21, 37, 21, 31, 22, 34, 33, 26, 35, 9, 14, 35, 22, 33, 27, 27, 22, 32, 31, 37, 33, 32, 13, 31, 35, 25, 36, 35, 19, 36, 24, 11, 35, 22, 19, 24, 30, 37, 26, 18, 32, 30, 22, 29, 12, 24, 21, 33, 22, 22, 21, 1, 30, 27, 19, 27, 36, 36, 33, 30, 30, 24, 37, 21, 3, 27, 30, 24, 34, 28, 18, 26, 26, 28, 29, 24, 29, 32, 36, 29, 35, 24, 11, 32, 33, 36, 29, 27, 30, 36, 3, 33, 27, 29, 28, 28, 17, 31, 42, 2, 33, 17, 20, 21, 8, 32, 15, 28, 30, 22, 12, 28, 29, 32, 29, 18, 31, 33, 32, 6, 30, 38, 30, 17, 14, 24, 23, 17, 24, 39, 32, 25, 23, 33, 38, 23, 28, 23, 35, 28, 38, 34, 28, 36, 26, 25, 6, 27, 29, 36, 31, 30, 1, 32, 33, 10, 2, 27, 19, 31, 34, 36, 22, 25, 30, 9, 31, 34, 24, 18, 22, 31, 38, 28, 30, 27, 33, 29, 32, 29, 19, 2, 20, 29, 4, 26, 31, 23, 28, 21, 31, 34, 22, 19, 27, 29, 8, 19, 10, 33, 25, 28, 35, 38, 39, 22, 19, 30, 9, 35, 27, 34, 33, 20, 9, 31, 11, 30, 36, 21, 19, 25, 24, 27, 39, 20, 4, 22, 22, 28, 31, 27, 29, 29, 28, 28, 34, 36, 30, 28, 23, 18, 32, 28, 36, 26, 29, 27, 26, 22, 31, 23, 34, 30, 28, 25, 32, 28, 32, 29, 21, 26, 27, 27, 33, 5, 31, 28, 24, 30, 26, 33, 28, 31, 36, 20, 36, 32, 26, 40, 14, 29, 23, 27, 35, 27, 35, 28, 8, 33, 30, 19, 6, 32, 29, 19, 15, 24, 8, 32, 25, 22, 3, 31, 31, 17, 34, 29, 26, 26, 38, 25, 29, 25, 34, 29, 26, 22, 24, 29, 23, 16, 21, 25, 25, 33, 22, 27, 24, 12, 35, 6, 26, 22, 29, 23, 23, 26, 39, 16, 34, 36, 28, 24, 25, 29, 32, 35, 36, 31, 34, 21, 30, 15, 21, 23, 36, 29, 24, 26, 24, 31, 27, 26, 34, 34, 37, 24, 34, 25, 24, 26, 13, 27, 26, 21, 39, 26]

Run 11
Start: 1563284.577873266
End: 1567722.131860992
Elapsed: 4437.553987725871
Scores: [33, 34, 19, 33, 28, 11, 31, 34, 17, 33, 36, 19, 35, 15, 20, 21, 33, 23, 19, 29, 27, 33, 35, 17, 28, 22, 28, 35, 34, 36, 33, 21, 23, 23, 23, 13, 35, 27, 24, 33, 33, 15, 6, 32, 27, 24, 33, 12, 15, 33, 33, 24, 33, 22, 18, 26, 34, 7, 28, 7, 17, 9, 35, 35, 16, 33, 1, 28, 18, 11, 22, 39, 24, 39, 15, 18, 38, 23, 28, 35, 41, 15, 20, 6, 30, 34, 28, 33, 27, 33, 34, 44, 16, 42, 41, 37, 34, 13, 33, 36, 14, 31, 24, 19, 25, 15, 33, 8, 12, 39, 16, 18, 8, 13, 30, 34, 33, 27, 34, 28, 24, 14, 21, 30, 15, 35, 4, 32, 35, 35, 28, 27, 26, 33, 31, 17, 34, 33, 34, 12, 8, 14, 29, 16, 13, 36, 26, 32, 9, 17, 33, 32, 34, 12, 24, 22, 34, 28, 33, 29, 36, 34, 34, 21, 35, 11, 25, 37, 23, 35, 20, 17, 33, 41, 26, 35, 11, 30, 22, 32, 15, 17, 5, 30, 34, 33, 27, 12, 37, 21, 32, 33, 37, 35, 13, 19, 37, 34, 22, 27, 31, 33, 24, 36, 35, 14, 34, 17, 34, 34, 34, 27, 33, 26, 26, 34, 28, 23, 16, 34, 34, 36, 18, 35, 35, 30, 25, 5, 22, 9, 35, 20, 6, 1, 36, 34, 36, 35, 32, 37, 35, 44, 26, 14, 30, 29, 32, 33, 30, 25, 34, 34, 19, 19, 22, 15, 23, 37, 22, 19, 27, 25, 20, 39, 16, 35, 33, 33, 1, 11, 36, 32, 38, 14, 33, 30, 37, 33, 39, 8, 12, 30, 37, 35, 23, 35, 28, 34, 27, 34, 13, 13, 35, 35, 33, 8, 33, 33, 34, 23, 35, 34, 36, 33, 36, 13, 17, 22, 10, 24, 3, 36, 35, 15, 32, 36, 13, 14, 36, 14, 24, 31, 24, 33, 34, 14, 35, 35, 26, 29, 34, 21, 16, 39, 36, 11, 38, 4, 15, 32, 34, 34, 35, 28, 33, 38, 37, 25, 18, 32, 35, 37, 34, 22, 20, 28, 38, 20, 23, 8, 36, 34, 26, 28, 25, 28, 23, 16, 28, 11, 13, 34, 18, 28, 29, 33, 22, 38, 37, 34, 22, 26, 1, 38, 17, 34, 21, 32, 19, 36, 25, 24, 24, 32, 23, 30, 32, 31, 15, 28, 32, 34, 13, 11, 20, 15, 33, 29, 23, 35, 33, 34, 38, 33, 36, 33, 14, 29, 8, 19, 24, 23, 32, 26, 35, 34, 27, 26, 35, 37, 35, 35, 33, 37, 26, 22, 14, 34, 1, 7, 14, 33, 35, 14, 34, 15, 2, 38, 36, 21, 8, 20, 16, 17, 40, 25, 14, 37, 25, 30, 14, 34, 33, 35, 33, 36, 23, 28, 25, 25, 34, 14, 33, 36, 23, 23, 34, 13, 12, 36, 33, 23, 40, 27, 27, 34, 26, 32, 35, 21, 33, 22, 36, 33, 34, 6, 24, 46, 34, 22]

Run 12
Start: 1567731.755739147
End: 1571977.101334282
Elapsed: 4245.345595134888
Scores: [20, 23, 21, 24, 23, 28, 31, 23, 25, 18, 20, 23, 22, 25, 21, 25, 14, 29, 24, 28, 35, 24, 22, 23, 21, 30, 19, 16, 31, 29, 23, 30, 29, 25, 16, 23, 28, 14, 16, 26, 34, 18, 24, 23, 37, 28, 16, 29, 22, 22, 28, 32, 19, 28, 17, 17, 20, 21, 21, 26, 18, 28, 24, 17, 19, 29, 17, 26, 15, 20, 18, 18, 22, 26, 29, 20, 22, 20, 21, 21, 21, 25, 23, 13, 21, 33, 28, 27, 26, 17, 16, 32, 23, 23, 28, 27, 14, 24, 22, 22, 22, 31, 31, 33, 31, 28, 25, 22, 20, 27, 20, 30, 33, 25, 23, 20, 24, 25, 19, 18, 23, 22, 26, 22, 19, 25, 23, 14, 20, 29, 25, 24, 20, 18, 24, 29, 26, 19, 27, 24, 23, 25, 18, 23, 29, 24, 18, 27, 24, 20, 26, 27, 25, 15, 19, 18, 24, 31, 18, 28, 27, 28, 25, 16, 29, 27, 30, 21, 26, 21, 26, 21, 25, 15, 25, 21, 23, 26, 24, 25, 20, 30, 29, 13, 25, 30, 28, 26, 26, 26, 19, 28, 22, 25, 24, 30, 17, 30, 30, 23, 30, 26, 27, 28, 13, 29, 19, 18, 20, 17, 26, 27, 20, 22, 28, 25, 25, 24, 25, 32, 28, 20, 20, 20, 24, 18, 28, 24, 24, 17, 27, 18, 22, 30, 32, 4, 23, 29, 17, 16, 29, 21, 26, 29, 19, 22, 25, 32, 22, 24, 26, 15, 26, 17, 13, 20, 16, 23, 26, 16, 18, 21, 20, 20, 24, 32, 28, 30, 24, 26, 24, 25, 28, 25, 25, 21, 16, 22, 29, 23, 18, 15, 22, 26, 24, 20, 26, 24, 28, 16, 21, 20, 20, 19, 25, 19, 23, 22, 26, 17, 23, 25, 29, 25, 17, 13, 22, 24, 22, 23, 16, 28, 21, 24, 18, 23, 22, 22, 23, 13, 29, 24, 5, 27, 19, 20, 24, 21, 20, 19, 27, 22, 25, 27, 23, 28, 18, 24, 16, 18, 35, 21, 31, 16, 20, 25, 28, 29, 17, 26, 21, 23, 21, 17, 30, 17, 15, 29, 23, 21, 28, 23, 21, 26, 21, 32, 31, 26, 27, 18, 23, 17, 21, 29, 26, 28, 27, 22, 18, 16, 20, 21, 21, 21, 25, 27, 20, 25, 22, 24, 17, 19, 24, 26, 30, 23, 31, 22, 21, 17, 28, 25, 23, 26, 24, 19, 20, 22, 20, 23, 16, 33, 19, 25, 21, 19, 29, 22, 24, 20, 23, 25, 17, 17, 24, 25, 29, 23, 29, 24, 23, 21, 17, 18, 23, 23, 22, 27, 23, 27, 29, 32, 22, 13, 31, 24, 24, 25, 27, 22, 22, 27, 27, 27, 32, 28, 17, 20, 28, 27, 26, 24, 21, 31, 23, 25, 30, 28, 33, 25, 23, 25, 14, 27, 28, 26, 22, 30, 20, 26, 23, 16, 28, 29, 28, 22, 21, 20, 24, 26, 22, 29, 20, 30, 16, 19, 21, 30, 30, 21]

Run 13
Start: 1571985.384633682
End: 1577754.962535406
Elapsed: 5769.5779017240275
Scores: [35, 10, 36, 12, 31, 40, 14, 40, 40, 20, 17, 26, 18, 21, 37, 39, 37, 39, 40, 17, 41, 17, 25, 52, 36, 42, 19, 36, 39, 23, 16, 37, 3, 15, 39, 2, 19, 38, 14, 19, 15, 29, 12, 10, 44, 19, 12, 12, 44, 49, 1, 13, 38, 43, 35, 1, 37, 32, 5, 34, 40, 15, 49, 10, 37, 42, 39, 23, 38, 12, 43, 36, 25, 34, 42, 14, 37, 41, 23, 35, 25, 13, 52, 37, 21, 45, 39, 41, 31, 45, 36, 35, 35, 36, 27, 39, 9, 43, 36, 20, 35, 35, 43, 40, 45, 45, 43, 39, 16, 20, 43, 38, 44, 11, 16, 42, 45, 35, 29, 37, 39, 39, 48, 40, 36, 39, 41, 37, 34, 6, 39, 40, 25, 46, 6, 41, 18, 12, 35, 33, 44, 34, 13, 7, 29, 17, 23, 54, 43, 42, 18, 49, 35, 39, 29, 44, 4, 4, 40, 49, 25, 13, 24, 3, 23, 28, 31, 36, 24, 18, 17, 36, 47, 36, 34, 9, 34, 44, 11, 41, 39, 37, 37, 42, 24, 39, 45, 40, 39, 42, 30, 36, 43, 44, 15, 41, 42, 36, 12, 36, 36, 36, 29, 42, 20, 16, 5, 3, 19, 16, 34, 43, 38, 35, 35, 22, 18, 44, 43, 2, 44, 3, 7, 39, 29, 7, 48, 24, 25, 1, 19, 19, 25, 44, 19, 42, 40, 46, 31, 38, 34, 15, 23, 34, 37, 38, 50, 44, 37, 15, 41, 23, 39, 54, 40, 18, 14, 26, 36, 40, 3, 43, 35, 35, 14, 22, 28, 35, 43, 41, 17, 40, 37, 35, 44, 34, 43, 40, 12, 44, 43, 49, 34, 16, 41, 3, 38, 34, 36, 17, 42, 17, 16, 41, 44, 41, 36, 3, 21, 58, 44, 20, 30, 4, 16, 21, 38, 45, 25, 43, 39, 26, 36, 1, 45, 43, 36, 39, 1, 39, 42, 13, 49, 46, 35, 24, 14, 24, 42, 37, 38, 42, 16, 14, 40, 35, 45, 36, 10, 8, 48, 37, 5, 37, 9, 43, 7, 44, 8, 36, 41, 21, 43, 28, 15, 45, 27, 47, 39, 29, 35, 6, 35, 44, 23, 36, 45, 39, 3, 35, 46, 43, 16, 21, 42, 23, 20, 35, 10, 36, 25, 36, 40, 19, 23, 52, 40, 49, 41, 37, 6, 34, 35, 1, 16, 40, 36, 37, 8, 38, 44, 37, 9, 41, 12, 34, 8, 13, 22, 18, 14, 41, 39, 34, 41, 6, 39, 40, 12, 35, 26, 34, 21, 1, 37, 22, 50, 21, 40, 52, 41, 21, 21, 30, 26, 24, 53, 48, 47, 38, 28, 38, 21, 41, 30, 36, 21, 40, 40, 24, 15, 38, 40, 36, 2, 16, 48, 14, 36, 39, 42, 44, 37, 21, 52, 39, 24, 40, 1, 46, 9, 38, 52, 44, 28, 17, 41, 35, 48, 42, 35, 40, 38, 40, 42, 20, 40, 37, 37, 41, 23, 40, 40, 7, 24, 38, 36, 44, 49, 42]

Run 14
Start: 1577769.153221937
End: 1580597.450507153
Elapsed: 2828.297285216162
Scores: [24, 26, 4, 21, 21, 15, 4, 29, 15, 6, 19, 17, 26, 15, 22, 21, 16, 20, 18, 25, 16, 23, 13, 19, 21, 13, 23, 20, 26, 14, 11, 17, 25, 4, 4, 14, 20, 28, 9, 24, 19, 23, 7, 17, 19, 23, 1, 10, 14, 24, 22, 19, 15, 16, 14, 19, 9, 34, 9, 15, 19, 15, 24, 18, 35, 13, 19, 18, 35, 22, 19, 25, 9, 11, 28, 24, 13, 11, 24, 11, 21, 1, 23, 17, 20, 14, 10, 29, 7, 19, 7, 12, 17, 19, 24, 13, 5, 1, 26, 17, 27, 16, 29, 16, 9, 8, 31, 23, 30, 26, 8, 17, 29, 16, 21, 23, 25, 2, 3, 20, 8, 23, 13, 17, 17, 25, 19, 26, 18, 32, 22, 20, 1, 21, 11, 20, 19, 10, 9, 17, 17, 17, 24, 16, 4, 33, 26, 23, 15, 14, 26, 1, 29, 27, 19, 1, 1, 11, 19, 13, 19, 11, 4, 15, 16, 39, 24, 19, 12, 25, 26, 6, 19, 22, 9, 12, 14, 9, 17, 7, 16, 9, 18, 17, 11, 10, 10, 31, 24, 8, 33, 13, 15, 1, 23, 16, 26, 20, 20, 17, 19, 30, 17, 22, 18, 8, 16, 17, 9, 18, 19, 30, 33, 8, 20, 29, 20, 2, 20, 13, 18, 25, 17, 22, 17, 17, 2, 8, 27, 31, 1, 31, 1, 7, 15, 13, 16, 32, 26, 9, 17, 19, 14, 13, 20, 23, 17, 19, 13, 12, 8, 28, 20, 24, 17, 18, 12, 5, 16, 12, 19, 22, 4, 17, 30, 16, 9, 12, 15, 17, 4, 22, 21, 21, 18, 6, 13, 20, 27, 28, 31, 17, 32, 25, 22, 16, 21, 8, 21, 15, 16, 11, 17, 25, 17, 13, 22, 6, 7, 26, 23, 6, 9, 16, 13, 25, 29, 26, 21, 16, 25, 7, 9, 2, 14, 34, 25, 2, 3, 6, 24, 25, 17, 27, 28, 17, 15, 16, 14, 14, 2, 15, 4, 19, 20, 1, 16, 16, 20, 6, 23, 14, 23, 8, 10, 20, 11, 7, 23, 5, 11, 10, 12, 18, 11, 15, 31, 6, 24, 26, 24, 15, 31, 22, 12, 2, 15, 14, 17, 15, 10, 22, 28, 8, 5, 20, 16, 6, 17, 24, 8, 9, 4, 22, 14, 14, 20, 32, 15, 11, 24, 4, 24, 10, 1, 9, 21, 2, 18, 18, 6, 2, 15, 21, 13, 16, 18, 23, 5, 8, 21, 33, 20, 6, 11, 15, 12, 27, 7, 3, 20, 17, 17, 1, 16, 19, 17, 19, 19, 3, 20, 17, 5, 26, 19, 15, 20, 21, 13, 15, 25, 23, 19, 30, 18, 15, 23, 22, 15, 8, 16, 14, 16, 29, 17, 15, 13, 24, 23, 24, 18, 24, 1, 29, 24, 16, 28, 7, 17, 2, 21, 5, 17, 22, 9, 27, 16, 14, 6, 21, 3, 14, 20, 3, 23, 11, 1, 26, 24, 3, 21, 10, 15, 22, 8, 15, 15, 25, 6, 20]

Run 15
Start: 1580599.881277648
End: 1585266.733176511
Elapsed: 4666.85189886298
Scores: [22, 15, 18, 26, 4, 17, 27, 22, 15, 28, 27, 15, 25, 18, 11, 21, 21, 8, 2, 20, 25, 18, 17, 15, 1, 29, 2, 24, 28, 3, 16, 18, 4, 18, 13, 21, 29, 18, 22, 23, 20, 29, 25, 30, 26, 22, 31, 19, 19, 13, 25, 17, 24, 9, 17, 21, 13, 30, 20, 23, 16, 14, 15, 34, 14, 17, 18, 18, 21, 22, 9, 10, 21, 17, 3, 27, 23, 23, 22, 11, 19, 32, 30, 4, 15, 16, 22, 17, 9, 19, 14, 26, 23, 21, 27, 15, 19, 15, 29, 3, 13, 14, 4, 19, 17, 22, 15, 16, 16, 22, 13, 23, 14, 19, 10, 23, 20, 6, 17, 20, 9, 27, 24, 32, 20, 15, 9, 1, 16, 18, 10, 3, 27, 28, 13, 21, 24, 12, 1, 23, 15, 15, 23, 28, 19, 25, 4, 7, 10, 20, 20, 10, 34, 2, 1, 12, 27, 21, 26, 18, 32, 14, 27, 23, 19, 11, 21, 18, 8, 9, 36, 13, 23, 16, 13, 25, 24, 6, 17, 10, 23, 19, 11, 20, 24, 19, 10, 25, 7, 18, 6, 25, 18, 7, 31, 16, 12, 27, 17, 25, 21, 8, 20, 4, 16, 28, 10, 21, 2, 21, 3, 2, 21, 21, 1, 25, 19, 18, 25, 31, 29, 21, 31, 15, 24, 31, 21, 1, 8, 16, 16, 15, 27, 9, 30, 22, 16, 7, 7, 21, 25, 24, 7, 22, 15, 13, 7, 16, 22, 22, 16, 16, 22, 20, 27, 16, 20, 28, 18, 24, 16, 15, 14, 23, 10, 25, 3, 22, 3, 19, 22, 2, 30, 10, 11, 4, 19, 12, 5, 23, 14, 20, 21, 5, 10, 28, 18, 9, 21, 16, 2, 20, 19, 29, 14, 23, 19, 15, 18, 12, 32, 20, 18, 2, 20, 18, 16, 17, 20, 19, 21, 24, 11, 20, 10, 14, 17, 7, 11, 26, 18, 29, 23, 17, 18, 15, 13, 16, 3, 7, 30, 13, 17, 8, 31, 15, 1, 1, 12, 8, 18, 8, 11, 19, 12, 14, 6, 19, 17, 18, 26, 27, 13, 18, 17, 30, 14, 24, 18, 19, 34, 12, 26, 4, 16, 5, 22, 8, 18, 27, 16, 27, 26, 5, 5, 27, 23, 26, 13, 22, 11, 22, 28, 5, 20, 15, 7, 21, 16, 34, 9, 25, 21, 24, 27, 19, 24, 15, 19, 13, 34, 23, 16, 33, 12, 17, 24, 26, 2, 11, 27, 29, 23, 5, 13, 23, 4, 13, 21, 17, 20, 18, 22, 22, 21, 23, 18, 6, 32, 14, 19, 14, 4, 23, 14, 14, 4, 14, 8, 18, 8, 18, 17, 27, 18, 20, 1, 15, 20, 15, 15, 19, 14, 12, 30, 20, 18, 9, 24, 14, 20, 21, 17, 17, 16, 7, 20, 24, 12, 16, 24, 20, 15, 20, 16, 20, 27, 15, 3, 16, 28, 22, 22, 16, 27, 18, 14, 15, 20, 30, 22, 12, 14, 16, 2, 15, 32, 4, 20, 1]

Run 16
Start: 1585270.934931005
End: 1590462.05296304
Elapsed: 5191.118032035185
Scores: [31, 40, 46, 19, 44, 15, 15, 19, 25, 42, 48, 21, 18, 29, 36, 17, 23, 23, 26, 18, 26, 33, 10, 15, 43, 24, 34, 33, 15, 35, 16, 55, 26, 34, 42, 17, 26, 33, 22, 42, 38, 36, 21, 16, 31, 33, 28, 29, 20, 46, 41, 49, 39, 23, 17, 37, 15, 24, 33, 15, 25, 42, 35, 16, 18, 25, 32, 21, 30, 48, 18, 65, 26, 38, 24, 14, 32, 28, 36, 15, 16, 17, 21, 16, 19, 29, 45, 38, 15, 33, 39, 17, 31, 21, 35, 22, 22, 29, 42, 34, 36, 20, 22, 35, 25, 18, 23, 47, 17, 54, 36, 57, 16, 33, 22, 29, 24, 27, 18, 16, 29, 3, 40, 16, 26, 41, 17, 36, 35, 40, 18, 16, 19, 14, 17, 32, 47, 14, 51, 14, 14, 24, 29, 18, 14, 16, 30, 36, 16, 22, 26, 44, 45, 22, 34, 43, 23, 38, 21, 48, 29, 49, 47, 33, 22, 37, 23, 30, 34, 39, 19, 19, 16, 17, 37, 20, 32, 20, 29, 24, 38, 35, 26, 22, 37, 26, 37, 27, 35, 49, 34, 34, 16, 18, 25, 31, 22, 18, 24, 30, 32, 15, 40, 47, 35, 42, 15, 14, 24, 29, 20, 18, 15, 25, 31, 35, 27, 15, 37, 16, 21, 17, 34, 39, 41, 23, 25, 26, 16, 36, 48, 16, 15, 17, 23, 30, 36, 17, 19, 20, 24, 40, 27, 53, 14, 15, 34, 6, 15, 31, 51, 14, 35, 37, 42, 19, 31, 34, 16, 31, 21, 14, 14, 37, 49, 31, 24, 16, 29, 14, 18, 32, 23, 31, 26, 28, 25, 28, 48, 21, 33, 21, 20, 35, 49, 29, 39, 29, 47, 32, 21, 39, 32, 27, 38, 17, 28, 16, 25, 36, 21, 20, 34, 17, 35, 44, 26, 16, 16, 16, 26, 30, 40, 32, 36, 25, 41, 29, 34, 37, 25, 36, 27, 28, 40, 17, 26, 27, 36, 22, 31, 32, 29, 29, 14, 20, 24, 46, 36, 51, 32, 31, 35, 16, 33, 36, 18, 40, 26, 27, 17, 33, 24, 28, 37, 44, 25, 30, 46, 36, 18, 22, 38, 38, 15, 26, 17, 14, 20, 42, 17, 18, 24, 28, 32, 36, 45, 41, 46, 23, 43, 15, 25, 33, 16, 30, 39, 20, 28, 24, 25, 37, 55, 32, 26, 25, 24, 48, 21, 17, 16, 38, 32, 14, 43, 39, 14, 30, 24, 25, 56, 19, 22, 27, 25, 22, 33, 23, 21, 45, 19, 44, 49, 18, 58, 39, 14, 18, 21, 38, 28, 28, 28, 47, 15, 23, 32, 25, 44, 24, 31, 27, 31, 19, 16, 28, 20, 2, 22, 37, 21, 16, 23, 30, 25, 27, 35, 34, 15, 30, 47, 39, 34, 20, 16, 33, 32, 25, 39, 18, 49, 34, 42, 35, 26, 23, 22, 27, 46, 16, 46, 16, 33, 31, 18, 46, 18, 29, 39, 19, 33, 22, 18, 35, 26, 28, 17, 35, 35, 27]

Run 17
Start: 1590478.666287019
End: 1592976.363932891
Elapsed: 2497.697645872133
Scores: [13, 8, 8, 10, 8, 9, 8, 9, 1, 3, 5, 12, 7, 2, 6, 18, 15, 9, 2, 11, 7, 4, 3, 5, 10, 3, 3, 12, 4, 4, 14, 2, 2, 3, 16, 9, 15, 13, 8, 20, 2, 7, 7, 9, 8, 2, 15, 14, 7, 2, 5, 9, 7, 5, 3, 6, 3, 1, 8, 1, 3, 3, 10, 4, 20, 9, 2, 7, 5, 2, 15, 3, 7, 15, 11, 5, 9, 2, 11, 1, 9, 10, 16, 5, 12, 2, 12, 5, 6, 3, 7, 2, 16, 3, 4, 11, 2, 15, 6, 7, 3, 6, 1, 12, 2, 4, 7, 4, 6, 2, 4, 9, 9, 10, 13, 4, 7, 3, 12, 4, 8, 13, 16, 7, 1, 1, 8, 3, 5, 2, 6, 16, 4, 4, 6, 12, 4, 6, 2, 6, 4, 2, 2, 4, 16, 3, 15, 14, 1, 11, 7, 10, 5, 2, 4, 10, 2, 17, 5, 2, 14, 11, 4, 6, 5, 6, 13, 9, 2, 15, 14, 1, 7, 2, 11, 4, 14, 6, 5, 2, 9, 13, 12, 10, 7, 4, 3, 1, 13, 9, 2, 7, 8, 2, 3, 4, 8, 9, 10, 5, 7, 1, 8, 13, 1, 7, 15, 5, 15, 11, 9, 3, 5, 1, 8, 11, 2, 1, 12, 8, 10, 9, 14, 10, 4, 9, 23, 9, 13, 10, 7, 2, 6, 2, 16, 2, 9, 9, 4, 15, 7, 5, 7, 1, 5, 2, 2, 11, 2, 7, 3, 5, 8, 7, 8, 10, 7, 3, 1, 14, 8, 10, 20, 1, 5, 1, 4, 6, 2, 4, 6, 2, 9, 5, 9, 15, 1, 4, 3, 10, 2, 10, 8, 5, 4, 9, 5, 4, 4, 10, 11, 4, 5, 7, 5, 10, 4, 6, 8, 6, 3, 2, 4, 8, 11, 7, 3, 3, 1, 2, 9, 10, 2, 5, 10, 4, 5, 3, 13, 3, 4, 11, 9, 2, 5, 5, 6, 9, 4, 8, 5, 1, 6, 8, 1, 15, 17, 4, 6, 3, 2, 5, 14, 6, 1, 1, 4, 13, 2, 7, 1, 12, 14, 6, 5, 9, 1, 7, 19, 7, 10, 8, 2, 7, 12, 4, 3, 5, 16, 6, 4, 13, 2, 4, 11, 4, 7, 13, 4, 2, 7, 5, 13, 3, 12, 1, 3, 8, 6, 17, 8, 1, 12, 2, 7, 5, 9, 2, 5, 3, 2, 4, 5, 11, 11, 9, 4, 6, 2, 16, 9, 5, 3, 10, 13, 11, 6, 4, 4, 7, 2, 7, 11, 2, 15, 11, 2, 5, 2, 14, 7, 8, 8, 5, 13, 8, 8, 14, 6, 1, 11, 3, 6, 2, 11, 9, 1, 12, 4, 3, 12, 6, 7, 4, 5, 2, 2, 2, 3, 3, 11, 7, 7, 18, 2, 5, 4, 15, 9, 11, 2, 10, 3, 7, 1, 11, 1, 7, 2, 4, 2, 4, 1, 3, 7, 8, 1, 8, 6, 11, 14, 6, 3, 11, 2, 7, 4, 1, 2, 2]

Run 18
Start: 1592977.99379918
End: 1598097.33161677
Elapsed: 5119.337817589985
Scores: [29, 24, 17, 6, 36, 12, 10, 28, 29, 28, 28, 33, 11, 5, 25, 28, 34, 22, 15, 33, 26, 23, 33, 35, 21, 33, 28, 37, 15, 31, 25, 35, 32, 30, 31, 12, 25, 35, 29, 15, 12, 4, 27, 12, 16, 24, 19, 24, 26, 15, 24, 1, 27, 21, 28, 26, 20, 15, 33, 31, 30, 21, 26, 16, 28, 23, 30, 5, 10, 15, 11, 31, 24, 36, 32, 19, 24, 29, 7, 29, 28, 25, 10, 21, 39, 29, 10, 39, 29, 34, 7, 16, 33, 11, 26, 26, 22, 15, 27, 16, 35, 23, 38, 17, 20, 26, 21, 15, 21, 6, 31, 6, 35, 36, 23, 33, 25, 5, 13, 24, 4, 23, 35, 27, 32, 32, 2, 29, 43, 35, 28, 26, 24, 1, 27, 21, 9, 28, 38, 10, 8, 34, 8, 24, 20, 18, 28, 33, 28, 35, 5, 33, 36, 26, 30, 17, 24, 7, 35, 3, 3, 7, 15, 5, 25, 32, 20, 19, 14, 19, 1, 29, 7, 19, 26, 26, 34, 23, 28, 19, 24, 29, 23, 33, 33, 10, 24, 4, 5, 4, 24, 25, 31, 41, 8, 32, 10, 31, 23, 30, 22, 19, 22, 28, 29, 32, 1, 27, 2, 39, 34, 23, 19, 8, 34, 30, 37, 15, 21, 38, 27, 19, 35, 32, 37, 22, 29, 29, 9, 29, 35, 10, 9, 1, 16, 15, 12, 25, 33, 20, 25, 18, 15, 22, 19, 35, 10, 23, 35, 19, 23, 22, 30, 28, 18, 27, 29, 17, 18, 28, 30, 29, 10, 22, 5, 32, 4, 20, 31, 26, 26, 18, 19, 32, 11, 34, 28, 25, 25, 12, 30, 19, 28, 38, 12, 22, 31, 30, 17, 19, 16, 15, 8, 6, 18, 18, 17, 22, 32, 21, 21, 32, 21, 34, 25, 27, 35, 28, 26, 33, 24, 24, 20, 28, 30, 18, 3, 32, 23, 20, 3, 38, 20, 9, 33, 31, 8, 11, 37, 21, 29, 14, 36, 16, 6, 32, 32, 9, 31, 33, 30, 32, 16, 25, 15, 31, 22, 26, 26, 18, 13, 23, 6, 13, 36, 41, 29, 30, 23, 28, 3, 10, 38, 15, 11, 22, 36, 18, 18, 29, 30, 26, 25, 10, 7, 17, 37, 24, 49, 27, 28, 27, 26, 17, 7, 15, 37, 11, 33, 24, 35, 30, 21, 46, 23, 11, 15, 3, 34, 22, 27, 21, 29, 36, 18, 31, 26, 6, 14, 33, 30, 32, 30, 34, 29, 16, 30, 36, 1, 8, 17, 26, 25, 23, 24, 29, 34, 35, 29, 24, 30, 34, 21, 21, 27, 40, 26, 27, 34, 18, 32, 31, 30, 44, 30, 25, 30, 25, 30, 25, 26, 40, 28, 27, 19, 32, 24, 1, 21, 21, 29, 30, 33, 35, 19, 8, 30, 36, 23, 42, 30, 30, 27, 15, 22, 17, 22, 20, 24, 28, 19, 6, 6, 32, 27, 1, 6, 23, 3, 29, 25, 4, 1, 26, 24, 23, 25, 27, 24, 27]

Run 19
Start: 1598103.454087444
End: 1601230.230102183
Elapsed: 3126.776014738949
Scores: [19, 14, 20, 15, 19, 24, 20, 14, 16, 22, 17, 26, 18, 18, 18, 1, 2, 21, 14, 17, 14, 19, 20, 24, 17, 25, 14, 19, 21, 17, 10, 16, 16, 18, 24, 18, 21, 17, 22, 19, 22, 17, 17, 16, 24, 19, 17, 17, 24, 21, 16, 20, 19, 19, 16, 9, 15, 23, 17, 16, 21, 21, 19, 22, 16, 5, 17, 19, 18, 19, 13, 14, 14, 19, 23, 23, 16, 17, 19, 23, 21, 21, 9, 17, 21, 15, 23, 5, 19, 16, 18, 21, 18, 18, 15, 16, 16, 16, 24, 13, 16, 13, 16, 18, 17, 19, 23, 16, 16, 5, 11, 19, 19, 17, 20, 15, 20, 15, 22, 16, 20, 16, 21, 26, 1, 16, 25, 18, 17, 18, 24, 17, 13, 10, 18, 18, 21, 11, 18, 13, 11, 17, 17, 18, 20, 19, 15, 14, 16, 20, 17, 18, 18, 21, 15, 19, 18, 14, 11, 13, 19, 16, 17, 20, 10, 19, 11, 21, 4, 21, 22, 20, 23, 19, 16, 17, 18, 14, 16, 20, 24, 17, 19, 23, 10, 18, 17, 17, 18, 15, 20, 15, 17, 19, 20, 14, 15, 16, 20, 17, 18, 20, 20, 13, 3, 18, 15, 5, 16, 14, 21, 17, 14, 24, 33, 16, 15, 16, 19, 28, 25, 14, 14, 15, 10, 19, 26, 17, 23, 22, 13, 13, 16, 18, 15, 17, 20, 15, 11, 20, 17, 21, 19, 14, 6, 24, 19, 19, 21, 14, 20, 18, 18, 22, 19, 19, 16, 18, 18, 16, 18, 15, 14, 16, 16, 16, 14, 14, 1, 25, 21, 15, 19, 21, 15, 18, 20, 15, 18, 1, 21, 11, 1, 21, 19, 17, 16, 17, 15, 19, 21, 3, 24, 16, 20, 15, 3, 16, 22, 19, 8, 15, 18, 14, 16, 18, 15, 17, 20, 15, 14, 17, 20, 12, 25, 15, 20, 18, 18, 15, 14, 11, 20, 21, 16, 14, 22, 15, 3, 1, 17, 16, 23, 15, 19, 21, 19, 19, 18, 17, 13, 19, 18, 16, 5, 18, 25, 22, 22, 18, 23, 14, 15, 10, 20, 17, 15, 20, 24, 18, 16, 21, 23, 18, 19, 16, 19, 16, 23, 19, 13, 22, 15, 3, 17, 17, 21, 21, 17, 8, 11, 13, 26, 14, 18, 22, 25, 8, 30, 20, 16, 19, 16, 16, 18, 24, 20, 19, 18, 21, 19, 14, 14, 20, 14, 20, 7, 18, 20, 20, 23, 14, 20, 18, 22, 20, 18, 17, 6, 18, 15, 25, 17, 16, 19, 17, 16, 13, 17, 23, 14, 5, 18, 16, 17, 18, 14, 18, 7, 16, 18, 22, 18, 14, 17, 1, 16, 16, 16, 15, 17, 16, 15, 16, 18, 24, 19, 12, 16, 22, 4, 24, 16, 20, 17, 21, 20, 18, 28, 14, 13, 18, 17, 21, 21, 18, 11, 17, 21, 22, 23, 23, 9, 17, 16, 16, 15, 21, 20, 20, 21, 22, 25, 19, 19, 18, 21, 17, 17, 6]

Run 20
Start: 1601233.46565981
End: 1603891.171240349
Elapsed: 2657.70558053907
Scores: [15, 20, 1, 21, 24, 25, 19, 25, 14, 18, 23, 9, 35, 20, 24, 26, 20, 18, 19, 5, 15, 14, 4, 2, 29, 29, 15, 16, 19, 21, 20, 3, 1, 7, 8, 19, 31, 36, 28, 24, 25, 23, 16, 4, 22, 21, 19, 30, 21, 19, 16, 25, 27, 12, 11, 27, 19, 26, 23, 36, 17, 19, 23, 13, 34, 18, 18, 24, 21, 19, 24, 20, 6, 25, 20, 1, 16, 23, 22, 29, 1, 19, 25, 2, 26, 15, 21, 13, 28, 18, 21, 28, 3, 19, 13, 3, 15, 19, 19, 14, 22, 22, 27, 38, 17, 23, 1, 22, 25, 23, 24, 21, 26, 20, 6, 17, 28, 5, 27, 35, 30, 16, 17, 17, 15, 19, 28, 21, 1, 17, 15, 6, 25, 15, 24, 25, 34, 26, 1, 19, 19, 15, 18, 20, 36, 17, 27, 29, 20, 9, 18, 29, 16, 24, 19, 22, 23, 23, 18, 24, 25, 21, 32, 6, 24, 28, 21, 1, 25, 16, 27, 23, 33, 28, 15, 16, 27, 25, 21, 1, 25, 24, 4, 24, 24, 3, 17, 32, 26, 3, 17, 13, 20, 26, 13, 19, 27, 7, 18, 14, 21, 27, 29, 21, 14, 16, 23, 22, 17, 28, 21, 5, 16, 19, 25, 17, 20, 19, 5, 33, 16, 16, 4, 23, 19, 26, 18, 5, 17, 1, 37, 4, 28, 19, 20, 34, 21, 19, 20, 17, 23, 5, 25, 15, 8, 6, 30, 19, 23, 16, 8, 1, 21, 22, 17, 25, 24, 19, 23, 13, 9, 23, 23, 25, 31, 18, 28, 14, 28, 31, 8, 16, 13, 5, 17, 22, 1, 21, 26, 2, 21, 16, 22, 15, 28, 18, 20, 18, 21, 30, 11, 19, 27, 24, 4, 26, 15, 22, 21, 15, 14, 3, 16, 25, 15, 20, 13, 27, 29, 13, 16, 24, 36, 20, 22, 14, 16, 30, 3, 21, 16, 16, 1, 1, 36, 22, 25, 5, 31, 32, 25, 22, 19, 23, 17, 20, 25, 1, 13, 25, 20, 20, 24, 13, 23, 25, 15, 18, 30, 30, 3, 24, 21, 26, 18, 22, 24, 22, 13, 17, 24, 18, 21, 8, 18, 18, 29, 18, 22, 20, 22, 12, 18, 21, 20, 12, 18, 14, 30, 25, 6, 29, 24, 13, 20, 17, 23, 19, 19, 25, 22, 24, 21, 23, 26, 25, 18, 11, 20, 7, 12, 5, 20, 33, 5, 4, 21, 25, 21, 1, 24, 6, 2, 22, 17, 10, 8, 23, 24, 18, 17, 20, 21, 20, 17, 20, 13, 21, 13, 25, 30, 22, 22, 31, 25, 15, 23, 38, 29, 15, 22, 31, 24, 6, 4, 33, 19, 12, 27, 26, 22, 18, 15, 11, 29, 28, 8, 3, 22, 10, 13, 20, 24, 30, 26, 19, 24, 18, 30, 19, 21, 13, 15, 24, 23, 18, 26, 25, 25, 26, 1, 14, 20, 20, 21, 20, 19, 16, 23, 38, 22, 13, 19, 23, 12, 6, 21, 10, 20, 20]

Run 21
Start: 1603894.148477107
End: 1606970.534819719
Elapsed: 3076.3863426118623
Scores: [25, 19, 17, 13, 11, 21, 11, 25, 15, 18, 32, 28, 20, 30, 24, 32, 16, 23, 28, 18, 32, 19, 10, 12, 4, 26, 5, 18, 10, 29, 23, 34, 19, 26, 30, 20, 33, 18, 9, 38, 14, 9, 8, 22, 27, 22, 22, 28, 23, 20, 37, 21, 29, 30, 31, 14, 20, 18, 22, 30, 5, 16, 23, 19, 27, 26, 16, 33, 18, 28, 17, 12, 21, 4, 23, 42, 29, 21, 36, 21, 26, 25, 32, 36, 27, 21, 38, 31, 19, 1, 21, 10, 10, 28, 20, 17, 28, 6, 25, 16, 2, 23, 21, 12, 5, 22, 31, 12, 27, 11, 9, 27, 20, 9, 7, 18, 18, 26, 5, 16, 23, 3, 16, 4, 13, 20, 30, 17, 22, 7, 29, 31, 27, 15, 34, 5, 15, 25, 21, 12, 30, 18, 31, 21, 28, 19, 34, 29, 23, 32, 31, 26, 5, 22, 5, 11, 6, 14, 17, 29, 27, 12, 25, 30, 30, 21, 6, 20, 14, 32, 28, 20, 6, 15, 24, 7, 24, 25, 28, 18, 28, 26, 4, 3, 9, 13, 29, 26, 29, 22, 7, 10, 14, 6, 29, 21, 20, 23, 28, 6, 23, 30, 21, 16, 20, 17, 34, 12, 26, 34, 16, 14, 25, 14, 8, 29, 34, 14, 22, 35, 34, 10, 26, 35, 9, 24, 27, 21, 21, 31, 16, 21, 10, 27, 33, 19, 32, 5, 26, 4, 7, 24, 11, 35, 7, 17, 21, 26, 16, 11, 30, 13, 7, 17, 33, 11, 28, 25, 10, 21, 7, 12, 31, 35, 10, 1, 30, 17, 18, 24, 30, 12, 19, 28, 31, 10, 18, 12, 9, 13, 28, 30, 17, 22, 30, 21, 33, 10, 4, 17, 2, 26, 23, 23, 26, 34, 22, 23, 10, 10, 2, 26, 25, 3, 30, 16, 34, 30, 19, 17, 22, 21, 10, 10, 13, 17, 17, 21, 25, 12, 22, 30, 27, 18, 15, 16, 22, 33, 15, 26, 13, 22, 22, 27, 24, 40, 8, 10, 15, 26, 25, 20, 35, 40, 30, 22, 36, 9, 3, 30, 19, 35, 13, 6, 26, 36, 15, 39, 14, 8, 10, 26, 10, 19, 33, 9, 27, 23, 33, 36, 25, 40, 23, 9, 20, 6, 27, 34, 12, 26, 29, 13, 31, 29, 34, 18, 29, 32, 23, 23, 27, 19, 14, 8, 24, 26, 23, 28, 19, 22, 25, 17, 30, 23, 14, 31, 22, 16, 1, 29, 12, 28, 25, 28, 25, 11, 23, 33, 18, 9, 35, 18, 24, 11, 3, 13, 3, 13, 26, 18, 32, 19, 27, 29, 6, 12, 22, 8, 32, 21, 7, 18, 30, 9, 28, 25, 5, 12, 29, 22, 22, 29, 29, 15, 32, 13, 32, 27, 32, 29, 19, 28, 28, 32, 13, 35, 22, 42, 18, 35, 25, 27, 7, 21, 24, 13, 27, 9, 3, 25, 14, 19, 28, 16, 23, 13, 39, 33, 19, 28, 17, 21, 17, 35, 8, 7, 22, 27, 27, 31]

Run 22
Start: 1606976.337058573
End: 1610885.011247799
Elapsed: 3908.6741892260034
Scores: [10, 11, 2, 1, 18, 8, 8, 1, 13, 14, 18, 17, 6, 8, 1, 14, 24, 5, 8, 10, 25, 26, 3, 17, 9, 14, 14, 19, 17, 8, 27, 10, 18, 17, 16, 18, 10, 21, 25, 13, 6, 3, 21, 1, 12, 12, 3, 11, 17, 3, 6, 2, 1, 15, 11, 1, 4, 13, 8, 8, 17, 10, 11, 17, 23, 9, 17, 6, 17, 20, 21, 15, 6, 13, 12, 9, 11, 7, 8, 1, 14, 25, 1, 14, 20, 11, 17, 19, 8, 11, 9, 15, 16, 17, 1, 9, 16, 25, 21, 2, 3, 17, 5, 13, 20, 8, 18, 6, 11, 17, 8, 9, 8, 13, 21, 1, 3, 10, 7, 27, 24, 4, 5, 5, 13, 16, 10, 22, 1, 13, 13, 10, 1, 15, 15, 2, 19, 11, 12, 11, 8, 22, 16, 17, 12, 3, 21, 17, 10, 12, 3, 8, 6, 20, 3, 21, 4, 20, 20, 8, 7, 10, 1, 16, 20, 13, 12, 5, 13, 12, 18, 16, 15, 17, 16, 7, 16, 15, 17, 9, 1, 13, 15, 19, 10, 22, 13, 14, 9, 24, 24, 13, 4, 1, 1, 21, 16, 32, 25, 14, 17, 9, 5, 7, 20, 19, 15, 21, 23, 5, 13, 6, 24, 9, 17, 22, 12, 15, 19, 1, 12, 6, 22, 2, 12, 9, 22, 18, 18, 19, 16, 9, 20, 17, 16, 11, 15, 18, 3, 16, 16, 16, 8, 12, 13, 8, 10, 17, 11, 10, 15, 15, 15, 15, 15, 18, 16, 16, 13, 2, 19, 1, 12, 16, 27, 11, 22, 8, 20, 8, 9, 23, 5, 23, 13, 8, 16, 15, 11, 7, 16, 20, 23, 24, 21, 7, 22, 1, 15, 16, 21, 9, 1, 5, 8, 13, 1, 12, 21, 20, 12, 11, 16, 21, 3, 22, 12, 18, 20, 14, 13, 17, 6, 13, 20, 21, 10, 8, 13, 10, 13, 3, 11, 11, 11, 1, 7, 14, 1, 31, 5, 20, 17, 14, 21, 17, 18, 15, 10, 7, 9, 16, 18, 21, 14, 10, 8, 11, 8, 14, 14, 22, 24, 18, 1, 7, 13, 22, 12, 18, 8, 17, 1, 10, 26, 19, 13, 7, 19, 7, 17, 1, 5, 12, 16, 26, 6, 9, 17, 13, 2, 16, 1, 4, 6, 21, 16, 9, 12, 20, 18, 5, 16, 14, 7, 21, 4, 5, 19, 10, 16, 14, 13, 15, 16, 12, 20, 23, 16, 7, 13, 19, 17, 11, 27, 6, 8, 8, 21, 14, 14, 16, 19, 10, 16, 10, 7, 10, 13, 6, 12, 11, 12, 22, 24, 10, 15, 22, 5, 16, 17, 21, 7, 2, 24, 7, 13, 15, 9, 9, 28, 10, 16, 24, 4, 10, 8, 10, 4, 15, 3, 6, 22, 6, 19, 9, 16, 2, 10, 9, 14, 11, 13, 18, 8, 11, 13, 21, 22, 15, 1, 9, 17, 17, 20, 1, 9, 15, 15, 15, 9, 15, 14, 13, 13, 23, 11, 14, 19, 18]

Run 23
Start: 1610890.367647958
End: 1613792.495741079
Elapsed: 2902.1280931211077
Scores: [33, 26, 31, 25, 41, 49, 7, 35, 35, 38, 30, 18, 6, 27, 36, 3, 19, 23, 1, 27, 33, 21, 17, 23, 39, 16, 26, 27, 37, 24, 1, 30, 17, 20, 23, 19, 26, 46, 29, 23, 28, 47, 36, 27, 40, 22, 31, 22, 36, 26, 33, 15, 30, 7, 23, 36, 32, 33, 29, 3, 16, 20, 25, 33, 30, 29, 23, 38, 21, 31, 31, 7, 25, 32, 35, 25, 47, 19, 34, 5, 36, 28, 18, 18, 22, 2, 27, 30, 18, 23, 29, 30, 29, 19, 20, 35, 17, 19, 21, 4, 31, 4, 26, 14, 19, 39, 18, 34, 51, 21, 19, 37, 52, 25, 2, 17, 22, 23, 6, 22, 23, 26, 35, 17, 30, 17, 39, 46, 35, 32, 4, 18, 19, 4, 15, 31, 26, 5, 34, 45, 33, 18, 24, 36, 6, 20, 16, 29, 19, 11, 2, 37, 24, 21, 31, 37, 37, 26, 37, 18, 4, 43, 15, 26, 24, 3, 31, 29, 26, 24, 26, 22, 25, 34, 2, 6, 32, 25, 26, 39, 31, 31, 28, 29, 24, 3, 40, 30, 27, 28, 28, 23, 29, 29, 30, 32, 18, 25, 17, 33, 14, 14, 20, 36, 25, 24, 16, 19, 19, 30, 38, 33, 26, 27, 38, 31, 18, 22, 22, 25, 24, 29, 32, 30, 35, 25, 50, 25, 14, 13, 44, 38, 26, 25, 33, 29, 28, 50, 24, 31, 16, 32, 11, 24, 25, 34, 16, 19, 25, 27, 36, 33, 22, 24, 9, 27, 34, 15, 41, 48, 33, 21, 36, 29, 22, 32, 40, 31, 22, 25, 5, 41, 34, 34, 33, 37, 7, 45, 19, 32, 31, 2, 2, 35, 19, 44, 31, 27, 20, 6, 36, 17, 28, 34, 36, 27, 27, 28, 21, 30, 31, 44, 5, 15, 14, 14, 30, 17, 13, 29, 46, 27, 13, 41, 1, 30, 26, 24, 31, 52, 34, 31, 26, 47, 48, 38, 24, 2, 31, 53, 5, 30, 11, 28, 24, 16, 35, 33, 31, 28, 17, 19, 28, 25, 23, 27, 2, 29, 21, 29, 26, 24, 34, 23, 26, 17, 35, 25, 19, 21, 17, 28, 33, 12, 47, 28, 36, 22, 16, 21, 26, 52, 28, 31, 19, 29, 24, 30, 19, 16, 31, 43, 46, 19, 19, 25, 26, 31, 22, 23, 23, 2, 23, 3, 33, 29, 21, 30, 45, 31, 29, 31, 27, 26, 34, 34, 28, 18, 48, 32, 24, 29, 22, 15, 16, 26, 2, 44, 14, 19, 29, 22, 39, 28, 39, 12, 24, 37, 17, 14, 28, 14, 34, 31, 33, 30, 34, 40, 40, 13, 20, 39, 25, 33, 30, 31, 21, 31, 24, 27, 13, 1, 7, 25, 14, 24, 19, 20, 35, 22, 34, 23, 31, 22, 31, 29, 22, 47, 32, 37, 34, 29, 32, 41, 56, 27, 19, 35, 13, 20, 22, 20, 25, 20, 42, 22, 13, 23, 36, 18, 17, 33, 21, 21, 25, 29, 19, 28, 30, 43]

Run 24
Start: 1613803.430243522
End: 1617085.18155964
Elapsed: 3281.751316118054
Scores: [7, 29, 9, 36, 38, 28, 33, 32, 24, 11, 36, 28, 3, 32, 24, 7, 1, 34, 31, 28, 12, 23, 20, 34, 11, 32, 18, 21, 29, 10, 30, 11, 21, 20, 34, 5, 31, 21, 28, 9, 6, 12, 23, 29, 6, 15, 33, 27, 24, 22, 21, 9, 36, 29, 31, 5, 36, 40, 10, 25, 38, 40, 32, 16, 29, 27, 13, 30, 13, 25, 10, 8, 18, 16, 25, 24, 23, 29, 24, 13, 1, 14, 27, 24, 27, 11, 2, 13, 22, 22, 31, 16, 1, 9, 4, 21, 23, 20, 31, 25, 28, 1, 20, 19, 19, 1, 20, 3, 27, 29, 26, 36, 9, 5, 22, 20, 20, 3, 13, 3, 22, 4, 31, 8, 29, 1, 30, 28, 40, 13, 15, 32, 34, 30, 23, 28, 1, 18, 30, 25, 9, 27, 25, 6, 19, 10, 24, 12, 28, 12, 3, 8, 25, 9, 9, 31, 20, 26, 11, 26, 2, 22, 23, 30, 16, 6, 11, 25, 6, 18, 18, 26, 24, 5, 18, 19, 29, 28, 26, 14, 25, 34, 34, 24, 31, 23, 8, 30, 24, 33, 41, 15, 22, 24, 21, 1, 30, 32, 6, 10, 11, 30, 2, 5, 28, 14, 19, 10, 11, 6, 25, 28, 28, 31, 27, 23, 30, 27, 22, 18, 30, 20, 20, 30, 17, 9, 29, 21, 4, 12, 30, 21, 26, 23, 16, 1, 41, 29, 9, 1, 25, 28, 5, 30, 15, 8, 21, 4, 35, 29, 19, 30, 23, 7, 12, 16, 34, 27, 9, 37, 36, 30, 36, 32, 28, 13, 35, 15, 7, 19, 20, 4, 25, 21, 9, 2, 23, 24, 17, 12, 29, 26, 26, 19, 28, 1, 21, 6, 22, 24, 5, 6, 10, 23, 14, 26, 28, 26, 24, 7, 19, 20, 9, 10, 15, 6, 26, 8, 10, 25, 18, 27, 4, 22, 3, 7, 33, 24, 8, 24, 25, 7, 35, 11, 30, 6, 28, 5, 24, 12, 14, 37, 33, 24, 17, 29, 23, 15, 23, 27, 13, 9, 10, 3, 27, 21, 5, 27, 12, 19, 28, 25, 10, 9, 29, 17, 16, 17, 22, 17, 33, 16, 33, 8, 34, 38, 9, 20, 8, 5, 12, 23, 23, 32, 25, 7, 16, 30, 30, 6, 14, 26, 8, 30, 33, 19, 23, 30, 5, 30, 4, 29, 1, 23, 16, 9, 5, 34, 14, 33, 26, 28, 4, 25, 26, 29, 22, 20, 6, 32, 21, 16, 15, 21, 6, 9, 10, 20, 13, 25, 6, 7, 10, 27, 25, 6, 31, 2, 12, 21, 27, 28, 27, 32, 16, 15, 25, 2, 30, 43, 33, 29, 34, 35, 25, 30, 30, 23, 26, 4, 15, 28, 6, 23, 2, 32, 9, 17, 33, 22, 12, 25, 20, 7, 6, 10, 10, 16, 24, 1, 13, 28, 15, 26, 27, 4, 30, 6, 28, 25, 25, 20, 14, 28, 22, 27, 18, 3, 6, 25, 14, 22, 17, 35, 25, 1, 14, 4, 12, 1]

Run 25
Start: 1617089.479132371
End: 1619534.61687219
Elapsed: 2445.137739819009
Scores: [2, 6, 4, 7, 9, 16, 8, 3, 9, 13, 4, 20, 5, 10, 2, 13, 7, 5, 7, 5, 10, 3, 24, 7, 5, 6, 11, 11, 13, 3, 12, 8, 2, 15, 4, 6, 5, 8, 13, 7, 16, 4, 14, 5, 1, 2, 9, 16, 10, 8, 18, 8, 11, 8, 12, 15, 2, 5, 7, 16, 8, 6, 1, 2, 5, 4, 9, 9, 5, 14, 13, 4, 18, 2, 7, 8, 16, 10, 6, 2, 5, 2, 6, 17, 9, 2, 4, 5, 13, 13, 4, 9, 11, 3, 7, 8, 10, 23, 13, 12, 7, 7, 12, 1, 18, 3, 9, 12, 5, 2, 6, 6, 1, 8, 4, 4, 4, 5, 5, 12, 1, 1, 7, 3, 1, 6, 8, 14, 4, 3, 11, 15, 5, 11, 16, 9, 3, 2, 5, 17, 9, 7, 3, 7, 13, 12, 4, 1, 21, 1, 1, 5, 14, 8, 1, 1, 10, 2, 8, 2, 3, 1, 7, 2, 1, 12, 7, 7, 12, 9, 12, 6, 9, 2, 10, 12, 5, 13, 5, 2, 9, 4, 7, 1, 17, 11, 8, 6, 10, 12, 5, 7, 13, 6, 13, 3, 9, 15, 8, 13, 1, 9, 8, 14, 6, 21, 14, 4, 8, 2, 3, 1, 11, 9, 7, 1, 18, 2, 7, 13, 13, 8, 4, 3, 2, 6, 10, 5, 9, 4, 14, 6, 7, 11, 7, 3, 17, 6, 14, 4, 3, 3, 6, 6, 11, 9, 9, 4, 12, 10, 23, 2, 6, 20, 4, 12, 1, 8, 16, 9, 3, 7, 8, 5, 17, 10, 13, 10, 14, 7, 5, 11, 3, 5, 12, 4, 10, 12, 12, 13, 9, 4, 4, 14, 8, 16, 11, 14, 6, 1, 2, 8, 3, 1, 8, 2, 9, 6, 9, 4, 4, 6, 10, 11, 5, 13, 2, 8, 11, 10, 4, 4, 8, 4, 18, 5, 10, 3, 1, 13, 13, 6, 11, 11, 3, 17, 3, 2, 2, 6, 8, 2, 6, 8, 4, 4, 8, 18, 26, 5, 4, 3, 6, 9, 1, 4, 8, 6, 8, 13, 4, 12, 4, 21, 9, 10, 20, 10, 2, 2, 4, 14, 4, 7, 8, 15, 7, 8, 9, 10, 10, 4, 2, 7, 5, 6, 10, 11, 13, 3, 8, 11, 8, 10, 1, 11, 7, 1, 20, 16, 5, 3, 11, 7, 3, 10, 14, 7, 12, 5, 10, 14, 7, 14, 9, 7, 15, 10, 10, 11, 11, 8, 13, 16, 19, 9, 4, 1, 12, 4, 10, 10, 13, 8, 15, 16, 7, 1, 10, 9, 5, 5, 6, 1, 9, 1, 12, 12, 1, 8, 12, 9, 10, 12, 5, 21, 3, 9, 1, 13, 6, 13, 12, 8, 12, 7, 20, 15, 1, 11, 8, 5, 4, 8, 9, 1, 11, 8, 9, 1, 11, 7, 11, 3, 2, 16, 1, 3, 13, 16, 1, 4, 3, 4, 6, 2, 16, 4, 8, 9, 2, 7, 13, 4, 7, 3, 4, 10, 8, 8]

Run 26
Start: 1619536.274889128
End: 1624833.195564719
Elapsed: 5296.920675590867
Scores: [34, 40, 24, 18, 18, 31, 42, 39, 31, 18, 20, 17, 9, 33, 14, 7, 31, 32, 24, 49, 32, 26, 8, 34, 27, 8, 26, 28, 17, 38, 21, 49, 16, 10, 14, 43, 22, 29, 48, 22, 28, 13, 8, 14, 25, 14, 21, 50, 20, 16, 20, 53, 20, 36, 47, 18, 40, 52, 34, 57, 26, 9, 39, 41, 15, 32, 37, 22, 56, 38, 3, 35, 10, 34, 15, 21, 9, 20, 11, 10, 53, 15, 12, 29, 36, 27, 46, 32, 5, 32, 33, 25, 10, 17, 4, 3, 38, 28, 12, 9, 32, 23, 31, 22, 21, 14, 20, 21, 68, 27, 14, 16, 24, 34, 14, 41, 6, 2, 56, 50, 15, 23, 29, 25, 15, 7, 36, 15, 24, 18, 3, 59, 50, 44, 16, 8, 40, 19, 57, 47, 26, 8, 46, 8, 21, 10, 28, 20, 34, 22, 55, 37, 5, 11, 61, 34, 43, 44, 98, 35, 45, 4, 16, 26, 24, 36, 15, 23, 33, 25, 22, 5, 20, 41, 7, 3, 28, 49, 17, 28, 36, 14, 37, 13, 61, 28, 36, 48, 25, 22, 21, 39, 35, 35, 7, 14, 24, 52, 22, 7, 22, 3, 11, 13, 10, 27, 62, 31, 10, 3, 21, 6, 12, 45, 12, 18, 5, 41, 53, 29, 28, 46, 28, 4, 21, 45, 36, 2, 50, 19, 34, 43, 30, 26, 25, 55, 70, 18, 2, 23, 41, 17, 16, 5, 52, 32, 27, 19, 48, 20, 14, 24, 28, 31, 15, 17, 40, 40, 53, 14, 55, 4, 16, 54, 15, 36, 10, 11, 41, 26, 4, 13, 3, 32, 17, 32, 26, 24, 3, 48, 8, 31, 20, 22, 25, 21, 21, 25, 41, 17, 10, 56, 10, 42, 4, 2, 17, 46, 50, 21, 5, 18, 36, 21, 33, 10, 23, 35, 35, 37, 27, 10, 17, 2, 43, 39, 19, 44, 50, 32, 15, 23, 34, 8, 14, 16, 11, 36, 31, 8, 66, 6, 14, 22, 26, 18, 22, 15, 49, 27, 5, 28, 43, 35, 33, 25, 23, 26, 25, 35, 34, 20, 44, 7, 35, 34, 35, 42, 61, 7, 50, 55, 51, 43, 16, 27, 29, 21, 3, 24, 36, 38, 31, 17, 14, 46, 14, 27, 33, 1, 10, 48, 17, 68, 13, 2, 40, 28, 4, 28, 14, 27, 49, 36, 34, 51, 25, 16, 33, 16, 69, 18, 32, 28, 15, 11, 35, 27, 47, 32, 28, 56, 35, 39, 39, 20, 60, 56, 16, 2, 18, 23, 28, 35, 12, 40, 9, 37, 43, 35, 34, 40, 17, 19, 51, 7, 26, 30, 24, 21, 21, 39, 28, 32, 35, 22, 16, 14, 49, 16, 40, 48, 8, 35, 45, 52, 17, 29, 36, 20, 63, 19, 18, 8, 9, 15, 61, 21, 33, 14, 49, 5, 17, 4, 19, 29, 23, 41, 4, 25, 29, 14, 12, 2, 14, 14, 38, 34, 16, 9, 42, 63, 27, 3, 31, 14, 27, 67, 40, 39]

Run 27
Start: 1624844.345494724
End: 1628322.787964066
Elapsed: 3478.4424693419132
Scores: [7, 29, 12, 30, 18, 32, 10, 28, 13, 28, 12, 20, 3, 21, 31, 27, 10, 29, 10, 36, 27, 13, 25, 34, 28, 38, 26, 25, 26, 11, 2, 27, 29, 17, 14, 30, 30, 14, 43, 19, 16, 12, 20, 11, 34, 24, 15, 33, 22, 19, 30, 13, 3, 19, 17, 19, 9, 25, 23, 18, 15, 27, 10, 21, 20, 24, 28, 24, 9, 20, 25, 2, 37, 17, 27, 35, 42, 21, 32, 21, 18, 40, 13, 22, 14, 20, 21, 25, 15, 34, 9, 29, 20, 11, 32, 19, 38, 1, 27, 20, 16, 21, 25, 37, 14, 18, 30, 23, 9, 35, 16, 30, 25, 31, 22, 23, 9, 33, 29, 5, 13, 10, 12, 27, 29, 24, 22, 18, 15, 4, 36, 29, 22, 3, 28, 38, 10, 17, 2, 22, 26, 8, 30, 41, 4, 23, 23, 6, 18, 28, 26, 7, 21, 22, 26, 5, 12, 25, 19, 12, 27, 27, 24, 30, 27, 20, 23, 4, 32, 13, 30, 19, 19, 20, 28, 27, 3, 23, 18, 29, 24, 3, 4, 2, 7, 6, 20, 13, 27, 10, 9, 14, 27, 34, 27, 4, 19, 30, 18, 9, 20, 5, 4, 28, 32, 32, 17, 28, 1, 22, 21, 24, 4, 27, 25, 29, 31, 23, 18, 32, 32, 20, 27, 21, 30, 34, 16, 37, 21, 17, 20, 19, 19, 31, 16, 22, 2, 26, 31, 21, 27, 10, 19, 30, 27, 12, 18, 27, 11, 34, 6, 26, 14, 11, 33, 17, 22, 29, 13, 11, 18, 31, 6, 13, 31, 29, 5, 19, 10, 21, 41, 31, 29, 26, 29, 20, 29, 40, 25, 22, 5, 15, 38, 9, 3, 21, 34, 26, 23, 28, 12, 35, 24, 6, 25, 6, 30, 5, 25, 10, 31, 12, 30, 7, 18, 8, 9, 28, 28, 12, 16, 26, 21, 6, 14, 4, 5, 18, 18, 15, 18, 26, 12, 21, 6, 10, 34, 28, 22, 6, 36, 35, 30, 27, 30, 25, 21, 18, 9, 13, 31, 12, 17, 16, 34, 11, 19, 16, 2, 2, 15, 29, 21, 22, 19, 21, 15, 22, 14, 14, 5, 18, 19, 13, 20, 15, 28, 5, 9, 10, 22, 4, 26, 35, 27, 24, 14, 31, 19, 22, 13, 23, 17, 18, 26, 28, 31, 29, 11, 11, 19, 32, 18, 25, 18, 6, 17, 24, 28, 22, 12, 24, 11, 17, 21, 27, 15, 4, 19, 21, 22, 31, 19, 16, 23, 27, 8, 20, 20, 23, 11, 12, 26, 31, 18, 3, 19, 7, 24, 25, 9, 9, 17, 28, 24, 6, 33, 33, 12, 6, 17, 22, 5, 26, 21, 40, 16, 33, 34, 28, 25, 27, 18, 21, 25, 5, 33, 28, 40, 8, 19, 14, 26, 28, 32, 39, 31, 9, 29, 30, 31, 18, 27, 24, 26, 38, 25, 39, 1, 24, 22, 25, 21, 25, 27, 27, 26, 39, 2, 30, 11, 24, 17, 16, 23, 33, 23, 25, 20, 1]

Run 28
Start: 1628327.309877495
End: 1632318.479216574
Elapsed: 3991.169339078944
Scores: [18, 21, 18, 5, 1, 31, 8, 33, 10, 18, 16, 35, 12, 23, 16, 12, 8, 28, 19, 12, 20, 20, 8, 28, 32, 18, 29, 17, 13, 13, 1, 4, 15, 30, 16, 5, 10, 18, 9, 27, 17, 13, 9, 1, 9, 5, 1, 5, 18, 13, 14, 14, 31, 20, 26, 19, 13, 14, 21, 23, 8, 16, 2, 5, 11, 2, 17, 7, 18, 40, 8, 12, 15, 29, 39, 18, 20, 19, 37, 13, 16, 34, 17, 42, 21, 22, 28, 36, 30, 1, 1, 10, 29, 9, 1, 19, 26, 13, 20, 2, 22, 18, 27, 17, 15, 20, 12, 15, 15, 41, 25, 19, 37, 2, 17, 17, 15, 16, 24, 5, 12, 2, 13, 19, 26, 6, 3, 6, 11, 24, 32, 1, 9, 17, 4, 24, 12, 1, 5, 10, 2, 16, 21, 22, 23, 8, 9, 2, 6, 34, 20, 4, 21, 15, 20, 18, 2, 1, 10, 16, 10, 6, 17, 15, 29, 15, 8, 21, 11, 19, 10, 24, 31, 28, 1, 21, 13, 19, 15, 5, 25, 17, 27, 8, 16, 16, 28, 10, 19, 1, 21, 8, 23, 9, 3, 9, 31, 10, 9, 36, 25, 11, 20, 5, 5, 19, 6, 24, 3, 11, 16, 32, 29, 15, 1, 13, 15, 19, 17, 1, 16, 15, 14, 20, 1, 10, 24, 13, 2, 12, 13, 15, 21, 25, 3, 15, 2, 18, 20, 11, 13, 21, 8, 18, 20, 18, 20, 3, 12, 25, 15, 16, 21, 7, 21, 14, 32, 34, 12, 15, 3, 7, 17, 9, 15, 17, 6, 4, 5, 1, 1, 16, 3, 6, 5, 11, 9, 30, 2, 1, 6, 1, 13, 4, 29, 19, 17, 24, 6, 5, 24, 11, 11, 40, 1, 17, 18, 4, 4, 1, 13, 23, 21, 19, 15, 6, 31, 17, 14, 16, 40, 33, 11, 19, 11, 28, 19, 28, 13, 26, 4, 21, 5, 20, 14, 18, 12, 4, 10, 9, 20, 31, 3, 20, 18, 14, 22, 5, 4, 32, 2, 18, 19, 38, 4, 25, 8, 18, 16, 17, 27, 15, 43, 1, 16, 30, 25, 18, 16, 18, 2, 9, 17, 40, 17, 26, 29, 19, 5, 10, 17, 19, 22, 3, 38, 33, 10, 20, 6, 18, 17, 6, 3, 23, 16, 17, 22, 38, 17, 19, 18, 17, 20, 17, 25, 5, 22, 17, 20, 7, 18, 18, 17, 6, 18, 16, 7, 14, 17, 32, 20, 10, 18, 23, 17, 2, 9, 22, 22, 24, 16, 23, 8, 25, 34, 33, 31, 12, 7, 7, 20, 25, 7, 16, 9, 27, 27, 21, 16, 7, 17, 6, 13, 4, 11, 3, 13, 13, 1, 3, 10, 11, 11, 36, 30, 12, 4, 30, 26, 9, 26, 16, 14, 30, 17, 6, 21, 43, 31, 14, 8, 4, 16, 6, 11, 42, 20, 8, 28, 10, 4, 23, 34, 22, 16, 14, 28, 17, 7, 25, 8, 10, 23, 21, 15, 2, 12, 20, 20, 18]

Run 29
Start: 1632323.75396542
End: 1635212.529319257
Elapsed: 2888.77535383706
Scores: [10, 24, 6, 24, 18, 6, 20, 26, 32, 26, 9, 17, 15, 5, 19, 9, 30, 7, 23, 19, 4, 25, 28, 22, 1, 26, 11, 14, 26, 20, 4, 20, 5, 30, 17, 23, 26, 14, 18, 21, 13, 7, 22, 25, 17, 22, 30, 29, 27, 18, 22, 4, 27, 25, 21, 21, 8, 21, 17, 21, 19, 25, 1, 22, 24, 1, 20, 18, 16, 2, 13, 35, 14, 16, 6, 25, 12, 16, 2, 20, 26, 9, 24, 22, 36, 33, 10, 9, 20, 23, 31, 12, 25, 25, 19, 24, 18, 18, 24, 23, 6, 25, 19, 19, 12, 23, 4, 39, 24, 18, 24, 24, 17, 21, 33, 27, 34, 12, 24, 19, 33, 10, 14, 23, 26, 16, 14, 18, 5, 21, 14, 23, 1, 23, 21, 22, 15, 18, 13, 16, 15, 18, 3, 25, 23, 38, 6, 23, 16, 15, 22, 21, 9, 25, 24, 7, 26, 18, 10, 16, 33, 10, 15, 20, 13, 28, 24, 14, 16, 28, 21, 25, 6, 31, 5, 22, 18, 1, 17, 25, 13, 16, 11, 16, 19, 30, 27, 20, 9, 7, 17, 18, 19, 17, 27, 27, 21, 9, 11, 14, 22, 15, 16, 33, 6, 19, 19, 21, 18, 24, 19, 20, 14, 20, 20, 20, 2, 18, 17, 20, 19, 11, 33, 3, 28, 21, 29, 13, 13, 21, 8, 12, 9, 11, 17, 16, 17, 21, 25, 15, 18, 4, 20, 21, 3, 21, 32, 29, 23, 21, 15, 18, 19, 2, 16, 35, 13, 21, 24, 12, 17, 29, 15, 14, 35, 7, 28, 2, 16, 26, 14, 26, 4, 16, 14, 21, 21, 16, 22, 2, 29, 30, 15, 25, 18, 10, 23, 11, 25, 13, 14, 41, 11, 26, 14, 15, 20, 27, 20, 23, 3, 12, 24, 16, 15, 25, 18, 14, 10, 4, 24, 18, 17, 29, 20, 1, 1, 21, 28, 18, 15, 26, 12, 16, 25, 5, 13, 27, 18, 17, 21, 21, 4, 15, 4, 27, 2, 23, 9, 7, 1, 16, 19, 18, 11, 15, 29, 25, 24, 22, 14, 3, 5, 22, 6, 6, 21, 6, 30, 19, 11, 15, 14, 14, 20, 16, 25, 15, 33, 13, 25, 21, 15, 25, 6, 20, 21, 19, 18, 24, 16, 31, 17, 13, 16, 20, 28, 18, 23, 5, 23, 16, 27, 23, 13, 13, 27, 20, 19, 18, 27, 25, 19, 1, 21, 24, 19, 12, 1, 7, 20, 16, 19, 17, 23, 29, 19, 17, 24, 27, 20, 13, 12, 1, 13, 1, 13, 23, 22, 25, 8, 16, 16, 16, 28, 12, 22, 29, 14, 27, 30, 5, 1, 31, 16, 26, 13, 16, 20, 27, 23, 21, 15, 1, 5, 24, 17, 17, 14, 16, 4, 28, 1, 19, 30, 25, 25, 18, 10, 20, 1, 32, 18, 14, 9, 18, 22, 28, 10, 25, 16, 6, 19, 6, 15, 6, 25, 28, 17, 28, 19, 12, 27, 14, 26, 27, 8, 28, 32, 21]

