Run 0
Start: 1516466218.3
End: 1516466281.84
Elapsed: 63.5360069275
Scores: [3, 7, 2, 0, 4, 0, 5, 0, 7, 4, 4, 1, 3, 3, 0, 0, 3, 2, 0, 0, 1, 2, 0, 2, 3, 0, 0, 0, 7, 5, 7, 3, 2, 7, 10, 5, 12, 7, 8, 2, 0, 14, 7, 3, 5, 4, 7, 6, 8, 8, 2, 3, 4, 5, 4, 0, 2, 3, 0, 6, 3, 3, 0, 4, 9, 9, 12, 2, 8, 3, 10, 8, 7, 2, 3, 3, 7, 4, 0, 3, 4, 0, 2, 4, 5, 7, 14, 4, 9, 6, 2, 3, 2, 1, 3, 9, 3, 2, 0, 2, 6, 0, 0, 0, 13, 0, 6, 5, 2, 0, 8, 5, 9, 3, 0, 9, 9, 8, 0, 2, 10, 7, 2, 6, 2, 2, 0, 1, 1, 6, 0, 2, 5, 9, 4, 0, 2, 7, 6, 5, 9, 2, 2, 2, 2, 2, 4, 3, 6, 10, 0, 7, 13, 2, 7, 0, 7, 4, 0, 4, 2, 3, 7, 0, 0, 4, 2, 3, 4, 3, 4, 4, 2, 9, 1, 3, 5, 11, 0, 6, 0, 9, 5, 0, 13, 6, 6, 1, 9, 0, 4, 0, 0, 4, 5, 3, 3, 4, 0, 3, 2, 2, 0, 0, 0, 5, 0, 2, 2, 2, 3, 0, 11, 3, 6, 3, 2, 4, 5, 5, 8, 1, 3, 7, 2, 5, 0, 0, 0, 10, 1, 9, 2, 2, 9, 0, 4, 8, 0, 2, 4, 7, 4, 1, 0, 4, 5, 0, 9, 5, 5, 0, 6, 2, 5, 5, 10, 2, 8, 7, 4, 8, 0, 0, 0, 2, 7, 9, 3, 2, 0, 4, 0, 0, 0, 2, 4, 7, 3, 14, 3, 0, 0, 10, 0, 2, 7, 0, 2, 10, 4, 4, 2, 3, 10, 4, 20, 14, 8, 2, 1, 5, 5, 9, 1, 16, 9, 1, 4, 0, 2, 5, 9, 0, 11, 7, 5, 5, 0, 11, 11, 3, 2, 3, 0, 4, 1, 6, 4, 0, 0, 3, 4, 0, 5, 9, 11, 9, 8, 7, 5, 5, 0, 2, 0, 0, 4, 0, 0, 8, 8, 10, 9, 5, 7, 9, 9, 2, 7, 11, 2, 6, 11, 0, 4, 11, 5, 2, 3, 3, 4, 2, 4, 2, 10, 2, 2, 7, 8, 3, 3, 5, 0, 0, 9, 9, 0, 10, 9, 7, 3, 5, 0, 0, 8, 3, 2, 7, 1, 2, 1, 5, 3, 1, 3, 3, 7, 7, 2, 7, 4, 3, 7, 2, 5, 0, 2, 0, 10, 2, 2, 0, 0, 2, 2, 10, 1, 0, 0, 8, 0, 5, 4, 6, 1, 5, 8, 5, 5, 0, 14, 0, 0, 2, 8, 7, 2, 2, 11, 1, 5, 9, 0, 6, 4, 16, 5, 0, 1, 7, 2, 1, 2, 7, 9, 2, 5, 0, 7, 3, 4, 4, 7, 4, 0, 0, 10, 2, 6, 3, 12, 3, 8, 1, 1, 4, 0, 2, 2, 4, 3, 0, 7, 3, 0, 0, 2, 8, 1, 5]

Run 1
Start: 1516466282.24
End: 1516466376.39
Elapsed: 94.1445379257
Scores: [18, 1, 4, 0, 10, 4, 1, 10, 10, 0, 0, 3, 6, 7, 2, 14, 12, 0, 8, 4, 0, 9, 9, 9, 5, 0, 8, 9, 11, 13, 1, 5, 2, 5, 5, 8, 0, 0, 0, 8, 4, 8, 8, 4, 12, 10, 1, 8, 6, 2, 4, 5, 0, 7, 4, 5, 4, 13, 12, 10, 0, 3, 12, 2, 0, 5, 5, 2, 0, 10, 0, 0, 9, 6, 5, 0, 0, 5, 8, 5, 3, 2, 3, 1, 0, 0, 11, 0, 13, 5, 15, 8, 0, 6, 4, 8, 3, 0, 2, 16, 6, 0, 5, 2, 0, 0, 2, 13, 3, 6, 2, 4, 2, 5, 1, 2, 4, 2, 0, 17, 8, 2, 5, 0, 3, 6, 3, 3, 6, 3, 10, 1, 2, 5, 8, 7, 6, 6, 10, 8, 6, 4, 12, 4, 5, 6, 3, 4, 5, 0, 3, 15, 7, 5, 14, 7, 3, 2, 0, 0, 0, 3, 6, 8, 9, 3, 17, 7, 4, 4, 5, 6, 1, 12, 1, 0, 0, 0, 5, 6, 15, 3, 3, 0, 6, 11, 8, 0, 4, 6, 3, 0, 2, 14, 5, 9, 10, 2, 6, 13, 0, 2, 0, 6, 0, 5, 5, 17, 12, 19, 13, 3, 7, 1, 7, 0, 8, 3, 3, 5, 0, 8, 2, 6, 0, 4, 4, 4, 0, 13, 6, 5, 4, 8, 4, 7, 0, 13, 6, 0, 8, 6, 13, 19, 0, 7, 1, 2, 0, 2, 5, 3, 4, 21, 9, 5, 12, 3, 6, 7, 6, 3, 2, 9, 3, 0, 5, 4, 1, 4, 5, 7, 11, 2, 0, 5, 14, 3, 17, 0, 5, 5, 8, 3, 1, 3, 0, 4, 9, 3, 1, 1, 0, 0, 3, 0, 4, 5, 5, 7, 5, 3, 8, 2, 8, 0, 0, 4, 16, 10, 5, 2, 7, 3, 4, 2, 3, 9, 3, 11, 0, 15, 3, 7, 8, 0, 10, 3, 4, 0, 11, 2, 4, 1, 4, 0, 14, 4, 5, 0, 4, 5, 13, 9, 4, 0, 4, 0, 4, 6, 0, 6, 9, 13, 2, 1, 2, 5, 4, 6, 1, 1, 0, 4, 5, 13, 12, 9, 11, 0, 0, 0, 0, 15, 3, 0, 2, 6, 2, 0, 1, 0, 6, 4, 11, 9, 10, 7, 14, 0, 3, 6, 5, 0, 3, 4, 4, 0, 6, 6, 0, 8, 7, 5, 3, 0, 5, 7, 5, 8, 0, 5, 4, 0, 1, 0, 3, 4, 5, 0, 11, 0, 0, 1, 6, 5, 2, 7, 4, 0, 10, 2, 13, 4, 0, 2, 1, 0, 1, 0, 15, 0, 10, 4, 5, 2, 7, 11, 13, 3, 4, 0, 3, 14, 0, 2, 3, 4, 0, 19, 0, 5, 8, 7, 4, 0, 15, 0, 9, 4, 6, 4, 6, 3, 5, 4, 8, 6, 3, 0, 0, 14, 6, 4, 0, 0, 3, 0, 1, 4, 9, 6, 10, 5, 17, 3, 0, 2, 1, 0]

Run 2
Start: 1516466376.88
End: 1516466472.96
Elapsed: 96.0777089596
Scores: [19, 6, 10, 14, 3, 14, 8, 16, 18, 16, 20, 15, 17, 15, 9, 14, 2, 18, 11, 6, 18, 3, 10, 12, 10, 8, 2, 12, 5, 9, 9, 16, 7, 9, 9, 14, 5, 12, 11, 11, 2, 25, 18, 18, 18, 18, 12, 4, 12, 5, 6, 7, 8, 10, 18, 7, 10, 15, 17, 6, 7, 10, 15, 8, 5, 12, 10, 13, 7, 17, 8, 5, 17, 17, 12, 11, 9, 8, 17, 16, 19, 7, 9, 9, 3, 3, 7, 13, 14, 4, 13, 13, 9, 26, 14, 5, 6, 13, 4, 11, 13, 10, 6, 15, 17, 10, 9, 3, 8, 4, 17, 19, 8, 7, 13, 15, 20, 13, 14, 18, 10, 16, 16, 16, 10, 12, 15, 4, 17, 13, 13, 13, 9, 19, 13, 8, 6, 21, 9, 13, 8, 17, 15, 17, 6, 6, 20, 14, 18, 5, 18, 25, 16, 7, 5, 3, 20, 8, 20, 8, 6, 10, 14, 14, 11, 11, 10, 18, 10, 16, 18, 17, 17, 7, 22, 6, 18, 15, 1, 14, 8, 15, 11, 12, 13, 12, 4, 6, 11, 4, 9, 12, 5, 3, 2, 3, 10, 4, 15, 7, 12, 8, 26, 16, 10, 4, 6, 3, 10, 20, 9, 18, 5, 3, 14, 10, 5, 17, 6, 9, 7, 6, 20, 5, 14, 9, 14, 18, 8, 9, 10, 18, 11, 10, 6, 7, 12, 7, 19, 13, 8, 11, 10, 26, 7, 15, 7, 4, 15, 19, 3, 9, 17, 6, 7, 21, 8, 17, 10, 11, 6, 15, 4, 2, 13, 11, 5, 11, 3, 17, 23, 8, 16, 1, 5, 18, 9, 11, 11, 9, 21, 21, 15, 5, 13, 17, 8, 12, 6, 13, 3, 8, 5, 15, 22, 17, 3, 6, 19, 11, 2, 18, 10, 23, 14, 12, 11, 7, 20, 5, 11, 8, 9, 13, 6, 3, 14, 11, 19, 12, 9, 5, 17, 20, 12, 19, 12, 4, 27, 16, 10, 10, 24, 7, 21, 13, 12, 2, 15, 10, 2, 26, 12, 13, 11, 19, 21, 13, 19, 14, 10, 11, 9, 16, 9, 5, 4, 16, 9, 18, 12, 3, 16, 11, 7, 10, 20, 15, 16, 8, 4, 21, 13, 12, 9, 14, 3, 1, 14, 10, 5, 9, 18, 14, 13, 15, 16, 7, 2, 21, 13, 4, 7, 20, 11, 12, 11, 9, 9, 6, 10, 17, 15, 3, 19, 23, 16, 14, 3, 10, 11, 21, 21, 6, 4, 16, 5, 20, 13, 19, 11, 18, 2, 13, 8, 7, 2, 11, 14, 18, 17, 20, 2, 6, 18, 13, 21, 15, 11, 8, 14, 14, 14, 15, 5, 13, 2, 10, 12, 4, 11, 8, 13, 2, 5, 8, 16, 6, 15, 11, 14, 11, 11, 6, 4, 9, 1, 8, 11, 17, 27, 3, 9, 7, 13, 12, 16, 10, 16, 10, 15, 3, 15, 14, 16, 13, 10, 9, 13, 9, 17, 10, 16, 7, 5, 28, 8, 16, 10, 11]

Run 3
Start: 1516466474.4
End: 1516466544.94
Elapsed: 70.5384259224
Scores: [13, 2, 4, 2, 5, 1, 5, 1, 0, 3, 2, 0, 1, 1, 6, 1, 2, 11, 5, 6, 2, 1, 10, 3, 6, 1, 2, 1, 8, 6, 12, 8, 5, 2, 5, 3, 6, 0, 1, 6, 6, 1, 1, 5, 8, 15, 2, 6, 1, 8, 3, 10, 5, 1, 0, 2, 3, 3, 3, 5, 1, 1, 8, 6, 0, 0, 16, 3, 7, 5, 1, 0, 4, 5, 5, 0, 1, 1, 2, 1, 1, 4, 1, 3, 1, 1, 2, 2, 0, 3, 9, 7, 9, 5, 2, 4, 1, 3, 1, 16, 2, 5, 1, 1, 9, 2, 13, 2, 2, 2, 7, 8, 1, 4, 1, 6, 7, 4, 2, 1, 3, 1, 14, 3, 9, 6, 2, 2, 3, 3, 3, 8, 1, 2, 5, 0, 10, 2, 3, 4, 3, 3, 4, 2, 2, 3, 3, 5, 3, 10, 7, 11, 13, 0, 3, 6, 4, 4, 0, 2, 3, 10, 8, 7, 1, 3, 1, 1, 4, 1, 1, 1, 1, 5, 2, 3, 3, 3, 1, 1, 2, 5, 2, 3, 1, 1, 1, 6, 3, 3, 2, 0, 7, 1, 7, 3, 6, 7, 3, 2, 5, 6, 2, 1, 1, 1, 3, 4, 11, 0, 7, 3, 2, 4, 6, 12, 1, 4, 7, 0, 3, 1, 0, 7, 1, 0, 6, 1, 3, 10, 2, 3, 1, 0, 2, 5, 1, 1, 10, 2, 2, 1, 1, 2, 7, 12, 8, 1, 9, 2, 6, 4, 5, 4, 3, 1, 4, 2, 4, 6, 2, 3, 4, 4, 1, 1, 5, 2, 2, 1, 0, 6, 6, 2, 1, 4, 1, 9, 3, 4, 2, 1, 1, 3, 4, 9, 3, 0, 2, 1, 2, 1, 6, 5, 7, 3, 3, 2, 0, 2, 1, 1, 2, 2, 10, 0, 1, 1, 3, 6, 1, 2, 2, 0, 0, 1, 2, 4, 1, 5, 4, 1, 12, 7, 6, 6, 1, 5, 0, 1, 0, 5, 4, 1, 7, 3, 1, 1, 7, 2, 4, 5, 6, 4, 4, 3, 11, 9, 3, 1, 2, 1, 1, 1, 8, 5, 9, 2, 4, 1, 7, 1, 5, 2, 6, 1, 8, 2, 1, 1, 1, 2, 4, 3, 0, 6, 0, 6, 4, 4, 4, 1, 7, 1, 6, 1, 7, 4, 3, 1, 1, 5, 8, 7, 6, 1, 1, 6, 5, 3, 2, 2, 3, 1, 2, 4, 2, 4, 3, 1, 0, 1, 6, 1, 1, 2, 1, 4, 1, 1, 9, 1, 8, 2, 2, 3, 1, 9, 2, 8, 9, 2, 1, 1, 4, 7, 3, 4, 6, 1, 3, 3, 1, 0, 4, 3, 0, 1, 0, 6, 5, 5, 2, 6, 8, 13, 2, 8, 1, 3, 4, 7, 6, 12, 11, 6, 2, 6, 7, 2, 2, 2, 2, 7, 7, 4, 3, 3, 3, 1, 7, 6, 3, 8, 1, 6, 4, 11, 0, 1, 7, 6, 5, 3, 3, 2, 8, 2, 0, 8]

Run 4
Start: 1516466545.58
End: 1516466640.98
Elapsed: 95.3976809978
Scores: [6, 10, 0, 9, 1, 3, 9, 9, 1, 13, 9, 7, 9, 4, 6, 7, 7, 5, 1, 8, 7, 0, 0, 7, 0, 4, 3, 13, 6, 7, 5, 8, 0, 8, 14, 2, 10, 10, 4, 9, 4, 1, 11, 3, 19, 10, 6, 12, 15, 1, 0, 9, 12, 12, 13, 1, 9, 2, 10, 10, 9, 10, 12, 0, 4, 10, 4, 14, 10, 0, 7, 9, 11, 11, 3, 5, 11, 2, 0, 12, 3, 0, 11, 12, 10, 10, 8, 15, 10, 11, 13, 9, 5, 7, 2, 2, 2, 10, 5, 5, 3, 15, 10, 7, 17, 1, 11, 2, 11, 0, 14, 10, 3, 16, 12, 4, 13, 11, 12, 7, 15, 5, 19, 2, 6, 6, 15, 10, 16, 8, 5, 0, 6, 4, 13, 12, 6, 10, 4, 5, 7, 17, 23, 16, 16, 0, 2, 10, 11, 3, 8, 0, 8, 7, 2, 11, 13, 7, 3, 4, 9, 9, 9, 12, 0, 14, 7, 4, 8, 8, 1, 5, 11, 4, 10, 11, 4, 9, 15, 4, 4, 5, 1, 11, 12, 10, 15, 12, 6, 0, 7, 6, 4, 10, 10, 5, 13, 12, 1, 17, 6, 5, 11, 9, 7, 2, 0, 1, 22, 10, 8, 15, 5, 6, 5, 0, 8, 0, 5, 9, 2, 11, 6, 9, 5, 15, 3, 16, 17, 4, 0, 0, 0, 8, 3, 15, 0, 12, 8, 11, 9, 8, 0, 15, 7, 6, 12, 6, 11, 13, 9, 3, 13, 6, 1, 8, 14, 16, 5, 11, 8, 9, 12, 2, 7, 10, 14, 1, 0, 12, 6, 10, 5, 10, 8, 10, 6, 2, 8, 10, 17, 6, 14, 11, 0, 7, 13, 2, 9, 6, 16, 5, 9, 18, 12, 0, 4, 10, 7, 4, 6, 19, 14, 1, 9, 10, 0, 10, 15, 6, 6, 10, 5, 6, 7, 7, 4, 12, 4, 2, 11, 1, 16, 0, 6, 12, 5, 1, 4, 0, 4, 16, 12, 2, 7, 0, 11, 3, 7, 15, 11, 8, 1, 11, 5, 14, 3, 6, 6, 4, 1, 2, 9, 6, 15, 0, 4, 6, 12, 12, 0, 4, 10, 11, 10, 13, 15, 8, 4, 9, 8, 5, 10, 8, 6, 10, 17, 0, 9, 2, 11, 6, 3, 4, 11, 0, 6, 6, 3, 10, 2, 7, 12, 15, 10, 5, 9, 8, 8, 3, 12, 8, 9, 3, 3, 9, 8, 11, 10, 9, 15, 4, 3, 1, 12, 17, 1, 5, 11, 10, 14, 10, 4, 6, 3, 17, 12, 13, 17, 1, 13, 10, 14, 0, 8, 5, 13, 10, 11, 5, 15, 10, 10, 11, 11, 10, 2, 1, 15, 3, 3, 7, 1, 2, 2, 2, 6, 5, 2, 3, 2, 7, 6, 3, 2, 19, 16, 12, 3, 13, 10, 13, 0, 0, 6, 4, 1, 8, 8, 1, 12, 7, 12, 9, 8, 6, 11, 8, 11, 1, 11, 7, 18, 3, 5, 8, 0, 15, 2, 2]

Run 5
Start: 1516466641.84
End: 1516466713.46
Elapsed: 71.6202540398
Scores: [9, 12, 2, 17, 11, 12, 9, 12, 3, 12, 8, 1, 5, 11, 12, 4, 9, 7, 12, 9, 14, 10, 4, 12, 14, 1, 7, 6, 13, 5, 7, 3, 3, 13, 8, 6, 16, 2, 10, 1, 6, 3, 5, 14, 4, 15, 8, 4, 5, 1, 7, 4, 3, 12, 4, 5, 13, 13, 17, 6, 8, 14, 6, 10, 2, 8, 4, 1, 16, 13, 4, 8, 9, 14, 5, 7, 2, 5, 10, 13, 1, 12, 1, 15, 9, 6, 1, 13, 9, 11, 10, 18, 8, 1, 14, 4, 10, 9, 10, 9, 8, 7, 10, 9, 1, 6, 2, 5, 16, 19, 2, 2, 10, 7, 1, 4, 5, 13, 14, 6, 9, 2, 9, 15, 3, 8, 9, 13, 6, 6, 12, 10, 16, 1, 8, 3, 6, 11, 8, 6, 8, 8, 4, 1, 8, 1, 16, 5, 9, 7, 9, 8, 10, 6, 8, 4, 6, 7, 11, 3, 8, 10, 4, 13, 13, 10, 2, 5, 8, 11, 3, 4, 7, 6, 12, 5, 18, 3, 2, 2, 10, 14, 4, 11, 6, 14, 7, 10, 1, 10, 5, 7, 10, 3, 5, 4, 16, 5, 4, 12, 10, 3, 13, 10, 9, 3, 16, 4, 1, 8, 5, 2, 8, 5, 4, 8, 5, 1, 2, 3, 6, 15, 8, 8, 1, 16, 10, 14, 15, 12, 12, 12, 6, 14, 2, 3, 4, 8, 8, 14, 10, 11, 4, 12, 5, 7, 7, 11, 12, 2, 4, 6, 2, 7, 12, 7, 5, 2, 6, 15, 8, 10, 1, 11, 18, 7, 5, 14, 7, 11, 4, 2, 2, 10, 10, 6, 5, 9, 13, 20, 11, 2, 10, 15, 7, 12, 7, 5, 4, 1, 2, 6, 8, 3, 3, 12, 4, 15, 10, 4, 10, 2, 6, 1, 11, 1, 6, 5, 1, 5, 5, 3, 3, 13, 12, 2, 6, 12, 5, 4, 6, 19, 3, 12, 8, 4, 5, 6, 10, 12, 6, 10, 1, 3, 8, 9, 6, 10, 10, 1, 3, 2, 3, 10, 2, 14, 8, 15, 2, 19, 3, 1, 1, 12, 10, 2, 10, 2, 3, 16, 1, 4, 10, 5, 2, 11, 6, 8, 1, 6, 14, 4, 16, 4, 13, 16, 1, 9, 6, 10, 5, 9, 3, 9, 3, 2, 5, 8, 12, 6, 1, 5, 1, 11, 12, 14, 4, 4, 6, 4, 5, 4, 8, 14, 3, 2, 10, 9, 10, 1, 6, 6, 13, 12, 4, 1, 13, 4, 6, 5, 1, 7, 16, 2, 15, 14, 8, 5, 15, 3, 3, 9, 3, 7, 1, 8, 1, 7, 2, 9, 5, 15, 1, 5, 8, 5, 10, 11, 7, 3, 15, 7, 1, 7, 5, 9, 8, 15, 8, 2, 7, 19, 8, 4, 7, 1, 8, 10, 7, 14, 8, 8, 4, 2, 8, 4, 1, 3, 7, 4, 7, 3, 4, 1, 14, 18, 7, 10, 9, 9, 7, 9, 4, 1, 5, 10, 3, 6, 8, 12]

Run 6
Start: 1516466714.0
End: 1516466809.58
Elapsed: 95.5842599869
Scores: [4, 6, 12, 6, 9, 7, 3, 1, 5, 6, 10, 2, 6, 8, 7, 13, 2, 2, 4, 4, 6, 13, 9, 6, 6, 17, 2, 3, 1, 3, 1, 19, 2, 5, 9, 3, 8, 10, 8, 8, 5, 1, 3, 4, 15, 6, 6, 2, 5, 2, 4, 4, 4, 8, 10, 2, 11, 6, 6, 2, 1, 12, 3, 4, 3, 1, 15, 1, 2, 12, 1, 5, 4, 8, 10, 10, 12, 4, 2, 1, 3, 2, 1, 3, 4, 4, 23, 3, 3, 1, 2, 5, 3, 1, 11, 6, 4, 14, 2, 11, 12, 1, 2, 3, 8, 4, 2, 7, 1, 3, 2, 8, 12, 3, 5, 9, 18, 2, 1, 4, 10, 9, 7, 6, 8, 10, 11, 6, 12, 5, 2, 5, 10, 1, 1, 3, 10, 3, 5, 7, 6, 9, 9, 7, 15, 3, 4, 2, 1, 3, 12, 13, 17, 10, 12, 1, 5, 1, 6, 1, 8, 2, 13, 4, 3, 9, 4, 2, 3, 4, 6, 5, 5, 6, 7, 7, 6, 3, 4, 1, 5, 4, 1, 1, 2, 2, 9, 8, 1, 4, 6, 4, 5, 2, 10, 1, 9, 11, 10, 8, 2, 10, 5, 10, 2, 4, 1, 13, 3, 5, 8, 7, 2, 6, 5, 4, 9, 5, 1, 8, 10, 6, 9, 1, 3, 15, 4, 2, 2, 8, 6, 3, 4, 12, 4, 7, 4, 2, 13, 1, 3, 2, 4, 10, 5, 5, 1, 5, 2, 4, 12, 17, 6, 10, 2, 10, 3, 1, 3, 2, 1, 10, 2, 8, 12, 10, 14, 3, 4, 9, 11, 8, 4, 1, 18, 4, 5, 6, 7, 1, 1, 8, 6, 6, 4, 11, 12, 8, 4, 6, 3, 18, 3, 16, 2, 6, 4, 10, 6, 7, 3, 6, 3, 2, 6, 2, 4, 3, 9, 10, 11, 10, 2, 2, 20, 4, 8, 1, 6, 9, 9, 1, 4, 2, 3, 3, 2, 1, 4, 8, 2, 6, 15, 4, 9, 1, 1, 4, 3, 4, 4, 11, 7, 14, 6, 6, 2, 9, 2, 5, 2, 4, 3, 7, 5, 6, 3, 4, 5, 11, 2, 4, 6, 1, 1, 3, 8, 3, 6, 4, 4, 6, 10, 3, 10, 16, 10, 13, 12, 8, 2, 6, 3, 8, 7, 13, 6, 9, 1, 10, 15, 10, 5, 6, 5, 5, 2, 1, 11, 11, 5, 5, 10, 2, 2, 4, 17, 6, 9, 6, 3, 7, 14, 10, 9, 5, 4, 4, 7, 8, 13, 3, 5, 7, 10, 9, 1, 9, 6, 4, 6, 9, 9, 4, 3, 12, 1, 13, 1, 2, 1, 9, 2, 13, 4, 2, 4, 1, 8, 4, 2, 7, 7, 14, 1, 8, 2, 21, 3, 5, 11, 5, 9, 3, 1, 9, 19, 5, 1, 3, 10, 4, 4, 8, 6, 7, 8, 15, 5, 9, 3, 2, 1, 5, 14, 15, 9, 8, 5, 3, 10, 4, 1, 12, 1, 2, 4, 5, 1, 13]

Run 7
Start: 1516466810.34
End: 1516466943.49
Elapsed: 133.1550982
Scores: [20, 10, 14, 6, 6, 11, 17, 10, 3, 12, 11, 5, 16, 18, 10, 10, 9, 13, 12, 3, 17, 15, 10, 11, 2, 7, 13, 18, 10, 8, 6, 9, 12, 9, 15, 6, 6, 11, 6, 17, 2, 2, 13, 9, 3, 13, 6, 8, 15, 9, 13, 17, 4, 6, 3, 6, 2, 13, 19, 5, 20, 8, 14, 6, 16, 8, 9, 11, 11, 15, 12, 17, 7, 5, 11, 1, 13, 23, 8, 3, 14, 9, 9, 2, 13, 6, 16, 16, 13, 2, 6, 9, 15, 14, 17, 15, 10, 12, 9, 3, 10, 2, 9, 2, 5, 7, 10, 14, 22, 5, 2, 13, 13, 15, 13, 2, 9, 11, 11, 1, 4, 16, 13, 9, 4, 20, 13, 4, 8, 3, 6, 10, 11, 12, 2, 6, 5, 4, 11, 2, 1, 13, 18, 12, 1, 8, 15, 10, 5, 8, 5, 11, 8, 7, 1, 13, 5, 1, 13, 7, 13, 6, 6, 4, 9, 2, 2, 11, 21, 4, 5, 11, 7, 1, 18, 19, 6, 7, 5, 13, 7, 17, 5, 8, 15, 15, 7, 6, 6, 7, 3, 10, 2, 20, 3, 18, 9, 13, 3, 17, 11, 15, 14, 17, 18, 6, 9, 4, 8, 15, 24, 2, 9, 15, 8, 11, 14, 18, 2, 3, 8, 4, 11, 14, 18, 2, 9, 4, 6, 3, 10, 12, 14, 4, 6, 1, 17, 12, 18, 8, 6, 22, 17, 11, 11, 8, 12, 5, 1, 17, 8, 18, 13, 6, 5, 10, 6, 13, 3, 10, 14, 10, 10, 3, 8, 4, 4, 7, 15, 17, 16, 3, 4, 1, 6, 2, 16, 9, 2, 9, 15, 1, 8, 13, 21, 30, 12, 2, 3, 2, 3, 13, 5, 13, 8, 3, 2, 10, 7, 2, 1, 9, 7, 6, 9, 4, 12, 10, 17, 1, 5, 4, 5, 8, 9, 12, 10, 8, 13, 6, 16, 8, 20, 3, 14, 8, 2, 20, 13, 20, 3, 16, 13, 10, 4, 3, 19, 10, 2, 6, 17, 13, 13, 3, 8, 3, 7, 8, 1, 18, 4, 19, 18, 13, 15, 7, 11, 15, 8, 8, 5, 15, 8, 12, 7, 5, 8, 14, 6, 8, 5, 11, 7, 2, 11, 16, 17, 9, 6, 5, 9, 2, 14, 2, 8, 15, 13, 5, 2, 12, 9, 5, 7, 13, 16, 2, 17, 4, 3, 10, 10, 7, 16, 13, 7, 9, 2, 11, 6, 5, 22, 4, 19, 16, 15, 19, 8, 4, 14, 12, 6, 17, 21, 5, 17, 14, 3, 10, 8, 11, 16, 3, 5, 9, 14, 2, 3, 9, 4, 18, 9, 13, 7, 3, 9, 6, 2, 12, 16, 1, 5, 14, 6, 16, 14, 4, 2, 10, 12, 10, 2, 11, 9, 6, 11, 10, 10, 4, 15, 10, 11, 11, 13, 15, 13, 13, 14, 17, 12, 17, 2, 17, 4, 11, 2, 4, 8, 2, 5, 6, 8, 8, 7, 4, 4, 6, 4, 15, 12, 2]

Run 8
Start: 1516466944.35
End: 1516467006.65
Elapsed: 62.3004388809
Scores: [6, 5, 2, 1, 3, 2, 10, 8, 6, 7, 2, 3, 9, 3, 14, 15, 2, 9, 6, 4, 3, 3, 8, 11, 2, 2, 9, 2, 9, 3, 4, 10, 15, 6, 4, 4, 6, 3, 4, 15, 9, 7, 6, 12, 10, 7, 2, 6, 12, 10, 10, 8, 1, 12, 11, 7, 5, 4, 14, 12, 7, 3, 7, 2, 15, 18, 5, 20, 6, 2, 9, 6, 7, 4, 4, 13, 2, 4, 8, 4, 12, 7, 9, 2, 12, 2, 15, 2, 6, 4, 2, 1, 9, 1, 3, 10, 12, 9, 16, 5, 6, 2, 6, 11, 4, 12, 5, 7, 1, 4, 12, 5, 10, 1, 7, 7, 2, 1, 11, 14, 11, 16, 5, 1, 4, 1, 1, 3, 4, 17, 6, 5, 14, 4, 5, 7, 12, 6, 9, 4, 3, 2, 14, 2, 3, 4, 8, 19, 15, 8, 9, 10, 8, 11, 1, 2, 4, 10, 5, 7, 8, 1, 7, 3, 3, 12, 5, 5, 14, 6, 3, 5, 6, 3, 8, 10, 10, 1, 3, 6, 4, 6, 2, 2, 3, 5, 7, 4, 2, 3, 3, 16, 9, 7, 1, 8, 3, 3, 13, 7, 11, 9, 2, 6, 17, 8, 1, 1, 2, 6, 8, 6, 8, 5, 3, 14, 15, 8, 2, 8, 8, 5, 4, 6, 17, 5, 17, 6, 5, 1, 3, 6, 2, 4, 4, 7, 2, 3, 2, 8, 4, 5, 4, 11, 4, 3, 1, 11, 3, 6, 1, 11, 5, 11, 1, 5, 12, 9, 8, 3, 4, 3, 9, 3, 2, 7, 8, 6, 12, 7, 5, 2, 7, 9, 1, 6, 7, 14, 2, 4, 6, 20, 1, 5, 15, 3, 5, 4, 2, 17, 5, 4, 10, 1, 2, 2, 2, 4, 1, 3, 4, 16, 4, 1, 10, 2, 11, 7, 6, 6, 9, 8, 4, 8, 1, 7, 9, 4, 3, 9, 4, 11, 13, 1, 4, 7, 1, 8, 6, 9, 4, 9, 6, 6, 1, 5, 6, 11, 3, 11, 8, 12, 14, 6, 2, 6, 4, 20, 6, 2, 14, 14, 2, 2, 3, 1, 3, 8, 15, 2, 16, 4, 6, 6, 13, 5, 6, 17, 7, 10, 4, 6, 9, 7, 9, 7, 10, 4, 12, 11, 3, 7, 1, 10, 4, 1, 6, 6, 2, 5, 13, 6, 3, 9, 2, 5, 4, 6, 11, 2, 6, 9, 2, 4, 7, 7, 8, 5, 3, 6, 10, 2, 13, 11, 16, 2, 4, 6, 1, 9, 7, 16, 13, 3, 5, 2, 16, 8, 9, 3, 2, 10, 5, 3, 6, 6, 5, 1, 1, 12, 2, 5, 11, 2, 8, 2, 14, 11, 2, 1, 9, 6, 11, 6, 14, 7, 8, 1, 9, 7, 16, 7, 5, 2, 4, 14, 5, 12, 12, 2, 10, 4, 4, 15, 9, 7, 8, 9, 7, 9, 5, 1, 6, 6, 3, 4, 12, 2, 4, 3, 10, 4, 8, 3, 4, 3, 8, 5, 13, 4]

Run 9
Start: 1516467006.94
End: 1516467085.72
Elapsed: 78.7843909264
Scores: [6, 4, 14, 10, 5, 12, 2, 17, 15, 9, 1, 16, 15, 10, 10, 9, 30, 10, 14, 1, 17, 1, 18, 3, 6, 11, 1, 7, 16, 3, 10, 25, 4, 20, 12, 11, 15, 11, 6, 11, 10, 7, 15, 10, 13, 5, 16, 21, 15, 9, 16, 3, 16, 7, 8, 9, 12, 19, 5, 13, 14, 14, 4, 21, 10, 15, 6, 2, 17, 16, 9, 10, 17, 17, 6, 8, 11, 4, 7, 17, 4, 8, 3, 12, 14, 23, 19, 25, 13, 14, 6, 10, 1, 10, 13, 2, 8, 14, 6, 12, 7, 18, 7, 16, 12, 9, 6, 22, 13, 14, 15, 5, 1, 7, 3, 15, 12, 4, 9, 11, 20, 15, 29, 12, 22, 8, 5, 2, 14, 7, 12, 10, 5, 7, 8, 21, 3, 14, 16, 11, 9, 3, 16, 10, 17, 15, 14, 19, 17, 9, 13, 10, 4, 9, 10, 10, 11, 19, 14, 14, 4, 10, 26, 11, 19, 10, 14, 12, 7, 14, 16, 4, 18, 14, 9, 16, 9, 27, 5, 3, 12, 6, 17, 12, 15, 5, 28, 21, 4, 22, 1, 10, 18, 7, 8, 13, 15, 10, 9, 10, 9, 24, 17, 13, 8, 4, 14, 2, 19, 14, 8, 16, 7, 14, 22, 7, 25, 7, 14, 8, 12, 2, 9, 19, 10, 11, 19, 16, 7, 7, 3, 10, 4, 12, 13, 5, 12, 10, 20, 6, 14, 19, 17, 14, 9, 4, 7, 7, 9, 4, 13, 6, 12, 16, 1, 4, 15, 22, 15, 11, 6, 6, 13, 18, 14, 10, 21, 7, 7, 21, 14, 23, 8, 10, 11, 17, 14, 21, 4, 8, 15, 6, 16, 8, 4, 8, 6, 12, 11, 5, 8, 8, 18, 13, 2, 9, 18, 9, 6, 14, 11, 22, 6, 8, 2, 13, 6, 22, 16, 8, 20, 6, 12, 5, 17, 6, 20, 8, 10, 1, 17, 2, 4, 12, 5, 8, 8, 21, 8, 11, 4, 3, 10, 15, 8, 16, 13, 10, 11, 3, 10, 12, 17, 12, 7, 9, 17, 20, 28, 12, 14, 17, 19, 16, 10, 5, 8, 10, 8, 8, 15, 6, 2, 6, 15, 4, 15, 1, 10, 15, 9, 9, 12, 14, 6, 14, 11, 10, 12, 16, 11, 5, 8, 9, 3, 1, 7, 8, 8, 4, 4, 10, 20, 4, 11, 11, 12, 20, 9, 12, 13, 7, 1, 5, 7, 20, 5, 20, 19, 6, 21, 8, 1, 3, 7, 18, 16, 3, 12, 18, 22, 6, 10, 9, 4, 17, 19, 17, 4, 19, 23, 3, 10, 10, 4, 2, 11, 8, 17, 16, 16, 15, 15, 8, 8, 9, 3, 10, 10, 4, 9, 17, 11, 6, 4, 18, 11, 7, 8, 14, 7, 11, 19, 13, 16, 16, 13, 19, 11, 7, 21, 7, 13, 5, 16, 9, 2, 1, 15, 1, 9, 19, 10, 12, 7, 8, 8, 21, 4, 15, 5, 2, 13, 17, 6, 8, 8, 21, 14, 6]

Run 10
Start: 1516467086.46
End: 1516467176.93
Elapsed: 90.4622600079
Scores: [2, 3, 3, 2, 4, 2, 11, 8, 11, 2, 7, 3, 1, 2, 1, 6, 4, 4, 3, 1, 3, 7, 7, 19, 10, 3, 2, 3, 3, 2, 0, 9, 8, 10, 9, 5, 4, 1, 14, 1, 3, 5, 7, 5, 14, 5, 2, 4, 9, 2, 4, 3, 3, 7, 0, 4, 3, 2, 6, 1, 12, 2, 9, 3, 2, 3, 3, 3, 6, 7, 3, 6, 2, 6, 9, 4, 1, 0, 6, 8, 5, 6, 5, 3, 0, 4, 6, 5, 1, 12, 2, 4, 4, 7, 9, 13, 5, 4, 4, 3, 5, 6, 12, 10, 0, 2, 5, 8, 3, 5, 16, 5, 4, 2, 4, 17, 14, 14, 2, 5, 4, 4, 0, 2, 6, 13, 3, 0, 6, 13, 2, 4, 12, 10, 3, 5, 5, 5, 6, 11, 3, 4, 5, 5, 3, 1, 0, 5, 5, 5, 6, 4, 5, 2, 2, 6, 2, 9, 8, 14, 8, 5, 13, 4, 3, 1, 3, 7, 8, 4, 2, 13, 3, 13, 3, 5, 9, 3, 5, 3, 7, 4, 3, 4, 5, 2, 3, 1, 2, 2, 12, 8, 2, 6, 6, 5, 8, 4, 4, 1, 14, 3, 5, 7, 4, 6, 2, 3, 6, 4, 3, 7, 2, 2, 7, 2, 3, 7, 4, 6, 7, 12, 2, 4, 7, 5, 2, 2, 5, 3, 3, 8, 6, 4, 2, 1, 2, 3, 7, 3, 1, 3, 2, 4, 3, 1, 2, 6, 10, 3, 7, 8, 4, 3, 4, 4, 2, 6, 13, 4, 5, 4, 7, 1, 2, 3, 4, 3, 5, 2, 3, 3, 1, 7, 11, 5, 7, 10, 3, 16, 9, 10, 3, 2, 8, 3, 7, 2, 3, 2, 3, 3, 4, 2, 5, 1, 4, 3, 6, 5, 5, 16, 3, 7, 4, 5, 5, 4, 5, 5, 1, 11, 8, 6, 8, 5, 3, 5, 9, 14, 7, 2, 3, 11, 4, 3, 6, 5, 3, 3, 5, 1, 5, 2, 6, 8, 13, 3, 4, 8, 3, 2, 1, 8, 2, 1, 14, 12, 13, 4, 8, 8, 14, 2, 4, 5, 6, 3, 1, 2, 8, 7, 7, 3, 2, 6, 7, 6, 6, 7, 5, 3, 1, 1, 6, 5, 2, 1, 15, 10, 3, 5, 3, 3, 5, 4, 6, 3, 9, 9, 6, 10, 2, 4, 5, 13, 6, 4, 14, 6, 15, 3, 5, 6, 0, 5, 4, 5, 6, 5, 6, 5, 11, 1, 7, 11, 16, 2, 4, 6, 5, 11, 4, 11, 7, 6, 4, 11, 4, 5, 2, 2, 3, 8, 6, 5, 13, 3, 9, 7, 3, 4, 2, 2, 4, 3, 4, 8, 6, 5, 9, 7, 2, 0, 7, 5, 17, 4, 18, 4, 9, 1, 9, 5, 5, 5, 2, 2, 6, 4, 1, 0, 8, 2, 2, 7, 7, 9, 12, 2, 12, 5, 2, 11, 12, 4, 5, 12, 13, 1, 4, 5, 9, 9, 6, 6, 4, 14, 4, 8]

Run 11
Start: 1516467177.54
End: 1516467232.37
Elapsed: 54.8306219578
Scores: [4, 5, 11, 7, 9, 6, 13, 9, 6, 2, 3, 1, 2, 1, 10, 7, 7, 8, 3, 6, 11, 12, 3, 5, 5, 3, 7, 3, 10, 8, 4, 6, 6, 13, 1, 2, 5, 8, 6, 6, 12, 2, 1, 3, 3, 4, 2, 6, 1, 6, 3, 2, 1, 9, 8, 8, 7, 2, 4, 11, 2, 12, 5, 1, 3, 8, 4, 3, 1, 11, 17, 14, 5, 4, 13, 5, 7, 1, 2, 11, 4, 3, 9, 3, 1, 3, 1, 4, 6, 3, 13, 8, 4, 13, 8, 8, 2, 9, 6, 2, 2, 8, 4, 5, 3, 7, 3, 10, 5, 4, 3, 15, 5, 7, 4, 6, 5, 6, 3, 6, 6, 2, 1, 2, 14, 2, 13, 3, 2, 1, 7, 3, 3, 10, 10, 10, 8, 9, 2, 5, 7, 8, 1, 3, 5, 8, 4, 12, 11, 4, 8, 1, 7, 1, 1, 11, 3, 1, 7, 7, 9, 8, 2, 10, 4, 4, 7, 3, 1, 14, 10, 1, 2, 14, 8, 2, 7, 1, 1, 5, 4, 10, 8, 6, 5, 1, 1, 17, 4, 8, 5, 5, 1, 11, 7, 5, 1, 1, 8, 5, 2, 2, 7, 2, 21, 1, 8, 7, 3, 4, 6, 7, 2, 5, 8, 7, 18, 4, 11, 4, 12, 9, 4, 1, 2, 2, 10, 8, 8, 18, 4, 3, 9, 4, 7, 1, 4, 8, 1, 7, 5, 7, 6, 6, 8, 8, 4, 2, 8, 2, 5, 3, 3, 1, 10, 1, 4, 8, 7, 16, 8, 2, 10, 20, 7, 2, 1, 6, 2, 6, 2, 6, 1, 3, 4, 5, 8, 11, 6, 8, 5, 6, 3, 1, 10, 12, 2, 15, 6, 2, 1, 2, 3, 8, 1, 1, 3, 4, 3, 13, 2, 4, 2, 5, 4, 9, 2, 4, 9, 1, 3, 2, 1, 6, 1, 5, 11, 12, 6, 8, 3, 8, 4, 6, 3, 7, 1, 3, 4, 1, 1, 2, 10, 8, 2, 5, 11, 1, 10, 6, 9, 4, 2, 1, 8, 4, 4, 5, 1, 6, 1, 7, 4, 4, 7, 11, 1, 11, 2, 8, 2, 6, 1, 11, 2, 8, 7, 1, 13, 5, 12, 11, 19, 3, 3, 6, 4, 3, 5, 1, 2, 1, 4, 4, 13, 5, 6, 2, 10, 3, 6, 9, 11, 2, 5, 9, 7, 3, 8, 1, 3, 4, 16, 3, 3, 1, 4, 3, 2, 6, 4, 8, 11, 7, 5, 8, 7, 1, 3, 5, 1, 7, 1, 14, 3, 2, 1, 2, 5, 14, 11, 6, 5, 2, 8, 2, 3, 5, 4, 4, 3, 4, 1, 2, 2, 6, 10, 12, 1, 6, 2, 7, 5, 7, 14, 4, 9, 1, 2, 1, 5, 7, 6, 3, 4, 1, 8, 2, 16, 5, 9, 4, 2, 1, 6, 4, 6, 2, 8, 1, 6, 3, 4, 9, 1, 2, 6, 8, 2, 5, 3, 12, 24, 8, 5, 11, 3, 5, 1, 3]

Run 12
Start: 1516467232.69
End: 1516467287.04
Elapsed: 54.3588371277
Scores: [1, 5, 2, 6, 8, 6, 5, 17, 8, 2, 3, 1, 9, 3, 6, 4, 1, 1, 10, 4, 2, 11, 4, 5, 6, 3, 3, 6, 6, 16, 1, 7, 1, 5, 6, 9, 3, 5, 4, 9, 2, 3, 2, 2, 16, 10, 2, 8, 1, 7, 6, 5, 1, 1, 10, 2, 1, 15, 4, 9, 2, 6, 7, 4, 9, 2, 1, 3, 9, 4, 1, 3, 1, 4, 1, 6, 1, 8, 10, 5, 1, 7, 14, 3, 2, 21, 1, 2, 12, 6, 1, 3, 7, 1, 10, 9, 4, 1, 3, 1, 8, 1, 6, 7, 4, 3, 1, 4, 2, 1, 6, 8, 4, 10, 1, 11, 9, 7, 4, 7, 2, 1, 11, 4, 3, 4, 3, 12, 5, 2, 8, 9, 5, 8, 4, 6, 3, 2, 1, 1, 3, 4, 4, 3, 1, 10, 5, 3, 7, 4, 2, 1, 6, 1, 7, 4, 8, 1, 1, 7, 3, 2, 6, 9, 4, 2, 7, 1, 5, 3, 4, 6, 12, 2, 3, 4, 10, 4, 2, 1, 10, 5, 12, 10, 3, 6, 6, 10, 4, 4, 5, 1, 2, 3, 1, 4, 7, 9, 20, 2, 15, 3, 2, 2, 4, 7, 2, 5, 5, 10, 4, 2, 3, 1, 6, 2, 6, 6, 8, 2, 4, 3, 6, 5, 4, 4, 7, 2, 10, 1, 8, 2, 1, 11, 2, 2, 5, 6, 9, 8, 1, 3, 9, 7, 6, 9, 7, 2, 2, 7, 6, 11, 12, 7, 2, 10, 1, 1, 3, 1, 3, 5, 2, 4, 6, 1, 6, 3, 5, 9, 3, 4, 2, 11, 4, 4, 6, 1, 2, 3, 1, 1, 1, 4, 6, 14, 3, 4, 2, 15, 4, 3, 14, 16, 1, 5, 7, 6, 4, 1, 9, 1, 5, 2, 12, 2, 2, 6, 4, 2, 1, 4, 8, 5, 1, 7, 11, 5, 4, 5, 3, 2, 10, 2, 1, 3, 2, 6, 1, 3, 4, 8, 2, 9, 5, 4, 7, 3, 10, 1, 5, 4, 2, 7, 11, 1, 1, 4, 1, 3, 14, 3, 5, 1, 3, 2, 1, 3, 3, 2, 8, 3, 6, 14, 5, 4, 7, 8, 8, 6, 2, 7, 6, 2, 1, 2, 6, 1, 1, 4, 4, 6, 6, 3, 8, 9, 15, 3, 2, 5, 3, 5, 16, 2, 4, 3, 3, 5, 1, 6, 2, 3, 7, 5, 1, 2, 3, 2, 6, 6, 2, 3, 4, 4, 5, 6, 3, 1, 14, 7, 12, 4, 10, 4, 3, 1, 2, 11, 3, 6, 12, 11, 10, 2, 5, 8, 4, 9, 2, 1, 8, 3, 4, 3, 2, 2, 18, 1, 8, 8, 1, 7, 5, 3, 11, 10, 12, 8, 3, 1, 14, 7, 6, 1, 10, 1, 8, 9, 5, 7, 2, 6, 4, 3, 3, 7, 15, 1, 1, 6, 7, 4, 4, 11, 5, 1, 6, 1, 9, 4, 1, 10, 3, 4, 2, 6, 3, 7, 12, 2]

Run 13
Start: 1516467287.51
End: 1516467359.04
Elapsed: 71.5363688469
Scores: [4, 30, 3, 10, 14, 24, 4, 7, 10, 11, 2, 20, 8, 8, 6, 15, 3, 1, 9, 14, 21, 7, 1, 2, 7, 8, 6, 15, 8, 7, 6, 4, 3, 18, 21, 14, 6, 7, 19, 3, 1, 24, 4, 24, 10, 22, 5, 24, 4, 2, 25, 18, 4, 7, 2, 8, 3, 5, 16, 9, 16, 12, 3, 14, 25, 16, 6, 8, 4, 12, 5, 5, 21, 4, 9, 5, 5, 4, 4, 8, 3, 4, 11, 22, 2, 15, 6, 2, 6, 19, 9, 6, 17, 8, 8, 2, 3, 10, 4, 9, 4, 9, 20, 12, 13, 10, 7, 15, 17, 2, 17, 22, 6, 3, 4, 15, 5, 4, 6, 3, 6, 20, 9, 18, 12, 9, 19, 11, 12, 2, 14, 19, 8, 9, 8, 1, 5, 21, 5, 9, 2, 8, 4, 4, 9, 11, 13, 2, 21, 20, 3, 4, 11, 14, 3, 2, 1, 7, 1, 23, 23, 18, 13, 3, 3, 8, 8, 1, 9, 6, 4, 9, 4, 4, 16, 11, 3, 3, 15, 3, 10, 6, 4, 5, 5, 9, 8, 3, 16, 12, 20, 4, 15, 14, 17, 1, 9, 2, 3, 8, 21, 7, 13, 21, 6, 18, 13, 12, 19, 9, 9, 18, 18, 2, 2, 15, 6, 9, 2, 10, 3, 26, 4, 13, 2, 26, 17, 17, 26, 6, 26, 3, 4, 12, 24, 14, 2, 6, 18, 24, 6, 14, 24, 13, 9, 10, 32, 20, 3, 6, 14, 5, 14, 25, 14, 19, 7, 18, 5, 3, 6, 3, 22, 2, 2, 18, 1, 21, 8, 4, 11, 9, 11, 13, 17, 14, 21, 14, 2, 21, 19, 2, 18, 15, 8, 2, 12, 6, 7, 24, 5, 9, 3, 21, 7, 3, 11, 6, 18, 15, 16, 4, 13, 12, 3, 16, 6, 10, 6, 9, 21, 8, 12, 8, 9, 13, 18, 13, 2, 18, 4, 13, 2, 10, 2, 2, 6, 2, 6, 9, 18, 17, 13, 10, 15, 4, 6, 11, 8, 14, 6, 16, 2, 1, 22, 5, 4, 5, 5, 4, 6, 7, 5, 3, 6, 8, 2, 5, 13, 18, 5, 1, 1, 14, 14, 11, 5, 9, 4, 7, 9, 5, 11, 9, 1, 4, 2, 15, 7, 7, 1, 27, 17, 3, 13, 11, 3, 1, 24, 3, 7, 10, 10, 10, 4, 24, 10, 17, 6, 9, 1, 10, 8, 13, 2, 4, 20, 3, 8, 12, 16, 15, 22, 2, 16, 3, 2, 3, 17, 14, 4, 12, 22, 5, 12, 13, 21, 17, 3, 18, 5, 5, 4, 8, 11, 9, 13, 7, 1, 2, 2, 2, 15, 18, 8, 2, 15, 12, 1, 10, 19, 6, 5, 25, 7, 6, 19, 3, 11, 14, 10, 16, 5, 2, 3, 12, 8, 8, 10, 16, 3, 13, 1, 2, 7, 7, 13, 4, 3, 13, 2, 7, 10, 13, 5, 12, 17, 4, 6, 3, 8, 5, 3, 16, 5, 5, 3, 11, 3, 2]

Run 14
Start: 1516467359.86
End: 1516467415.78
Elapsed: 55.9241859913
Scores: [2, 17, 5, 5, 3, 5, 1, 4, 8, 5, 9, 6, 10, 2, 3, 2, 2, 5, 4, 8, 1, 4, 9, 6, 6, 7, 8, 4, 2, 3, 7, 2, 8, 16, 11, 8, 1, 5, 5, 8, 3, 11, 8, 1, 9, 2, 3, 6, 16, 2, 4, 2, 3, 11, 3, 3, 9, 6, 5, 13, 3, 5, 11, 13, 9, 3, 3, 7, 4, 2, 11, 2, 1, 1, 5, 3, 8, 11, 7, 5, 3, 9, 8, 2, 7, 1, 3, 5, 1, 6, 6, 3, 8, 6, 2, 22, 3, 1, 13, 5, 2, 5, 7, 9, 12, 5, 2, 5, 2, 5, 4, 9, 4, 1, 1, 1, 4, 5, 5, 1, 8, 2, 4, 1, 5, 5, 4, 6, 9, 6, 5, 6, 2, 6, 3, 1, 10, 2, 3, 13, 4, 3, 1, 8, 7, 3, 1, 9, 4, 2, 13, 6, 2, 1, 7, 4, 4, 1, 3, 11, 7, 3, 1, 2, 3, 7, 4, 1, 1, 7, 2, 1, 1, 5, 1, 8, 3, 17, 3, 3, 9, 10, 11, 6, 7, 9, 8, 4, 12, 1, 4, 1, 2, 3, 5, 7, 1, 11, 10, 7, 2, 6, 7, 5, 14, 3, 16, 1, 1, 11, 1, 13, 1, 3, 3, 4, 5, 2, 1, 1, 3, 4, 7, 9, 2, 8, 9, 2, 3, 8, 10, 2, 1, 2, 3, 5, 5, 4, 4, 2, 6, 4, 4, 8, 7, 2, 5, 13, 4, 1, 3, 5, 6, 1, 8, 12, 1, 5, 1, 14, 12, 8, 6, 2, 4, 2, 12, 2, 1, 3, 7, 4, 1, 1, 11, 14, 2, 13, 2, 1, 1, 10, 7, 2, 2, 8, 8, 1, 8, 7, 3, 5, 2, 2, 2, 9, 4, 4, 3, 12, 3, 1, 8, 2, 2, 5, 2, 3, 8, 2, 1, 5, 3, 2, 2, 1, 11, 10, 8, 2, 3, 9, 4, 3, 4, 1, 6, 6, 15, 11, 14, 9, 1, 3, 10, 1, 1, 4, 14, 11, 7, 4, 2, 7, 4, 5, 7, 8, 5, 12, 2, 5, 2, 4, 5, 9, 4, 3, 1, 2, 3, 4, 1, 5, 2, 3, 5, 3, 6, 2, 4, 1, 4, 2, 8, 1, 5, 5, 1, 7, 3, 5, 3, 7, 3, 7, 8, 3, 1, 7, 3, 2, 3, 2, 2, 1, 7, 2, 2, 3, 5, 11, 1, 1, 7, 8, 8, 3, 2, 2, 2, 6, 7, 20, 4, 2, 11, 4, 4, 9, 7, 11, 4, 5, 5, 4, 2, 4, 2, 2, 1, 4, 3, 2, 1, 1, 10, 2, 10, 3, 4, 1, 11, 1, 1, 3, 1, 7, 11, 8, 8, 2, 6, 3, 2, 2, 1, 2, 2, 7, 1, 2, 3, 3, 11, 7, 2, 3, 6, 6, 3, 2, 8, 2, 12, 3, 2, 3, 4, 4, 4, 14, 5, 3, 8, 4, 6, 8, 9, 1, 11, 16, 5, 1, 5, 7, 2, 2, 2, 5]

Run 15
Start: 1516467416.08
End: 1516467482.78
Elapsed: 66.6917757988
Scores: [6, 4, 14, 5, 10, 1, 1, 16, 6, 1, 13, 4, 9, 1, 1, 7, 3, 9, 9, 7, 1, 1, 8, 10, 1, 7, 5, 3, 1, 4, 5, 10, 6, 1, 2, 2, 2, 6, 10, 12, 2, 2, 3, 3, 6, 4, 2, 3, 10, 3, 8, 9, 1, 13, 3, 2, 5, 3, 8, 10, 5, 4, 5, 4, 1, 4, 2, 6, 2, 3, 4, 5, 1, 2, 1, 7, 8, 4, 1, 3, 3, 10, 2, 1, 1, 6, 1, 8, 1, 7, 5, 4, 4, 4, 6, 2, 3, 7, 6, 8, 2, 8, 5, 2, 2, 3, 1, 4, 19, 9, 4, 2, 4, 6, 2, 6, 3, 8, 5, 1, 2, 4, 3, 2, 2, 6, 7, 5, 5, 1, 3, 8, 3, 1, 1, 2, 9, 9, 7, 1, 5, 5, 4, 3, 8, 1, 6, 12, 2, 10, 5, 15, 8, 2, 1, 2, 3, 3, 4, 8, 7, 1, 2, 7, 2, 2, 8, 6, 9, 7, 1, 1, 2, 3, 8, 12, 1, 4, 1, 9, 3, 6, 8, 3, 8, 2, 2, 4, 3, 4, 14, 2, 3, 3, 6, 7, 7, 6, 3, 8, 4, 13, 5, 4, 13, 5, 2, 1, 5, 7, 6, 6, 3, 2, 5, 2, 5, 2, 10, 8, 7, 1, 12, 7, 8, 1, 8, 1, 1, 3, 4, 11, 4, 6, 1, 6, 3, 1, 13, 6, 9, 7, 2, 2, 12, 3, 7, 4, 10, 4, 3, 5, 3, 2, 3, 1, 2, 8, 7, 1, 11, 7, 3, 10, 3, 6, 1, 4, 4, 1, 4, 1, 3, 1, 2, 4, 4, 4, 3, 3, 7, 6, 1, 5, 2, 1, 4, 5, 2, 2, 5, 1, 2, 2, 8, 1, 3, 4, 1, 4, 1, 7, 4, 2, 6, 8, 5, 2, 4, 1, 1, 9, 4, 4, 8, 10, 3, 2, 1, 9, 5, 1, 6, 5, 2, 14, 9, 2, 5, 1, 4, 3, 1, 3, 10, 4, 4, 9, 1, 2, 5, 4, 1, 3, 11, 1, 15, 1, 5, 2, 3, 10, 1, 2, 18, 1, 5, 4, 4, 11, 8, 6, 4, 2, 1, 3, 4, 10, 10, 1, 3, 5, 3, 6, 7, 7, 6, 1, 4, 7, 2, 3, 2, 8, 4, 5, 3, 3, 3, 1, 14, 1, 3, 2, 3, 4, 6, 5, 3, 6, 1, 3, 1, 2, 2, 7, 1, 9, 7, 8, 9, 4, 4, 3, 2, 6, 2, 13, 3, 1, 1, 1, 6, 4, 1, 6, 4, 4, 3, 2, 14, 12, 2, 7, 2, 4, 1, 8, 5, 5, 4, 5, 3, 3, 3, 11, 1, 1, 3, 2, 1, 3, 6, 1, 8, 10, 7, 1, 2, 1, 3, 2, 1, 6, 8, 3, 1, 9, 8, 1, 2, 1, 4, 9, 2, 1, 4, 1, 12, 1, 15, 1, 3, 6, 1, 3, 3, 10, 10, 2, 9, 3, 4, 1, 4, 1, 5, 4, 1, 8]

Run 16
Start: 1516467483.11
End: 1516467557.63
Elapsed: 74.5217058659
Scores: [1, 1, 14, 7, 2, 4, 9, 11, 9, 1, 4, 5, 10, 2, 7, 4, 5, 10, 1, 6, 4, 2, 13, 6, 3, 6, 16, 5, 9, 4, 16, 9, 3, 9, 10, 5, 4, 7, 2, 9, 8, 7, 7, 8, 10, 11, 11, 4, 6, 10, 13, 3, 4, 1, 6, 3, 11, 6, 15, 3, 5, 17, 1, 10, 16, 20, 5, 10, 2, 5, 1, 3, 1, 3, 10, 5, 9, 8, 3, 2, 9, 14, 2, 6, 2, 1, 10, 1, 2, 7, 14, 4, 6, 7, 2, 11, 7, 11, 18, 4, 1, 8, 6, 3, 2, 6, 8, 9, 5, 4, 11, 9, 8, 4, 2, 11, 7, 3, 2, 3, 14, 10, 22, 12, 5, 14, 6, 9, 1, 9, 14, 9, 11, 7, 6, 5, 8, 4, 3, 2, 3, 8, 15, 7, 1, 5, 2, 5, 8, 1, 4, 7, 13, 12, 2, 11, 5, 1, 9, 3, 1, 7, 5, 4, 4, 1, 2, 2, 11, 6, 5, 3, 2, 6, 6, 11, 12, 2, 1, 7, 6, 4, 11, 4, 18, 7, 3, 4, 8, 2, 2, 1, 5, 5, 4, 3, 7, 22, 5, 8, 1, 9, 1, 3, 6, 7, 9, 15, 1, 8, 10, 9, 1, 1, 1, 2, 2, 1, 3, 7, 9, 14, 17, 11, 10, 11, 7, 4, 6, 1, 1, 6, 9, 1, 3, 1, 2, 2, 9, 3, 6, 6, 10, 13, 1, 13, 5, 8, 3, 3, 3, 16, 2, 4, 12, 1, 7, 4, 1, 12, 2, 1, 1, 5, 4, 4, 2, 4, 7, 5, 11, 9, 7, 1, 3, 1, 5, 2, 8, 5, 2, 7, 1, 21, 19, 6, 15, 12, 4, 1, 21, 4, 2, 9, 9, 3, 5, 16, 4, 2, 7, 4, 1, 18, 6, 2, 15, 7, 7, 8, 1, 1, 5, 4, 9, 3, 5, 2, 5, 10, 2, 1, 4, 6, 15, 19, 3, 12, 6, 1, 7, 9, 4, 1, 7, 1, 8, 6, 1, 4, 9, 2, 8, 12, 2, 13, 5, 1, 3, 11, 17, 11, 7, 17, 12, 2, 4, 13, 5, 1, 3, 2, 15, 9, 2, 6, 6, 7, 3, 2, 8, 4, 3, 1, 6, 2, 4, 8, 4, 15, 2, 2, 12, 15, 6, 2, 1, 4, 5, 1, 6, 8, 6, 1, 2, 16, 1, 10, 19, 21, 8, 10, 2, 4, 15, 11, 1, 11, 7, 9, 4, 17, 2, 1, 2, 1, 7, 9, 8, 3, 5, 11, 3, 16, 1, 8, 2, 5, 8, 2, 9, 4, 6, 2, 7, 2, 9, 5, 4, 4, 5, 3, 4, 1, 18, 8, 13, 1, 1, 1, 10, 1, 13, 7, 5, 2, 4, 4, 2, 2, 1, 2, 14, 1, 10, 2, 5, 8, 1, 2, 5, 4, 12, 2, 1, 1, 10, 6, 2, 2, 3, 7, 1, 12, 7, 8, 8, 3, 10, 3, 6, 4, 4, 1, 1, 6, 8, 11, 5, 1]

Run 17
Start: 1516467558.09
End: 1516467613.31
Elapsed: 55.2160620689
Scores: [12, 5, 10, 10, 8, 8, 9, 4, 7, 7, 2, 2, 2, 6, 5, 2, 6, 2, 14, 7, 1, 4, 13, 2, 4, 1, 16, 16, 4, 3, 3, 13, 10, 11, 4, 4, 6, 10, 7, 13, 11, 7, 2, 7, 16, 12, 12, 1, 12, 1, 15, 12, 1, 1, 7, 5, 13, 4, 8, 1, 2, 1, 4, 1, 8, 14, 4, 3, 4, 13, 15, 4, 6, 10, 4, 12, 1, 4, 5, 1, 4, 4, 10, 7, 8, 6, 10, 6, 12, 6, 2, 8, 6, 3, 4, 6, 2, 9, 8, 12, 11, 3, 14, 7, 4, 5, 18, 10, 13, 12, 9, 19, 1, 14, 12, 9, 7, 4, 6, 16, 9, 5, 20, 4, 8, 5, 4, 3, 17, 10, 14, 16, 4, 7, 5, 13, 1, 17, 9, 4, 11, 11, 2, 8, 5, 6, 3, 2, 1, 1, 11, 5, 7, 7, 2, 6, 10, 6, 1, 1, 5, 4, 1, 4, 5, 10, 13, 8, 5, 2, 5, 5, 1, 4, 2, 2, 5, 15, 4, 8, 3, 7, 2, 4, 1, 10, 4, 8, 4, 4, 6, 9, 6, 7, 2, 2, 9, 5, 4, 3, 1, 3, 1, 4, 23, 1, 4, 2, 6, 1, 19, 6, 7, 3, 1, 6, 4, 11, 5, 2, 6, 10, 6, 6, 3, 2, 5, 18, 3, 2, 15, 1, 8, 11, 8, 6, 3, 1, 8, 23, 1, 2, 6, 10, 5, 19, 11, 4, 3, 4, 9, 3, 9, 8, 2, 3, 9, 6, 2, 14, 8, 2, 2, 4, 9, 9, 2, 2, 9, 2, 3, 15, 4, 2, 5, 2, 7, 11, 6, 5, 7, 3, 2, 6, 14, 1, 11, 7, 9, 9, 8, 13, 3, 3, 9, 3, 4, 12, 4, 7, 1, 3, 5, 1, 13, 3, 6, 4, 7, 13, 7, 2, 4, 6, 9, 7, 5, 16, 11, 7, 12, 1, 2, 3, 7, 10, 14, 13, 1, 2, 13, 4, 6, 4, 1, 1, 12, 2, 6, 8, 7, 5, 4, 13, 5, 4, 3, 5, 3, 3, 6, 9, 8, 1, 1, 6, 8, 7, 5, 6, 7, 10, 12, 9, 6, 2, 4, 3, 16, 10, 7, 4, 19, 1, 3, 3, 9, 7, 14, 7, 8, 4, 2, 1, 6, 5, 11, 5, 7, 4, 10, 3, 8, 3, 16, 14, 12, 5, 4, 2, 9, 1, 1, 2, 12, 1, 4, 1, 8, 5, 2, 1, 7, 13, 9, 3, 7, 4, 5, 2, 6, 5, 7, 3, 9, 11, 5, 10, 3, 5, 9, 1, 6, 2, 4, 2, 9, 3, 2, 4, 6, 2, 7, 4, 3, 2, 11, 11, 3, 7, 4, 11, 2, 2, 9, 3, 2, 9, 1, 2, 7, 1, 11, 10, 2, 6, 6, 4, 5, 7, 10, 9, 3, 6, 6, 4, 1, 1, 5, 3, 8, 3, 1, 2, 2, 16, 26, 7, 3, 15, 5, 8, 6, 4, 6, 3, 12, 2, 3, 1]

Run 18
Start: 1516467613.64
End: 1516467681.8
Elapsed: 68.162364006
Scores: [2, 3, 2, 6, 7, 2, 2, 5, 9, 3, 1, 6, 4, 5, 8, 1, 7, 4, 4, 12, 5, 4, 7, 9, 5, 4, 6, 4, 6, 10, 5, 1, 5, 3, 6, 14, 1, 1, 4, 3, 4, 4, 1, 10, 2, 1, 2, 5, 4, 3, 4, 7, 7, 12, 8, 4, 10, 6, 10, 1, 1, 8, 5, 1, 3, 4, 1, 8, 2, 6, 1, 6, 7, 1, 9, 5, 1, 7, 1, 3, 1, 8, 2, 1, 8, 9, 1, 5, 5, 7, 14, 1, 3, 1, 9, 12, 5, 5, 1, 8, 4, 2, 4, 3, 1, 5, 7, 1, 12, 2, 8, 10, 1, 2, 2, 9, 10, 6, 2, 1, 12, 9, 1, 1, 4, 12, 6, 1, 3, 2, 2, 4, 4, 3, 2, 1, 1, 6, 2, 4, 1, 5, 2, 17, 1, 5, 7, 3, 7, 1, 1, 3, 1, 1, 1, 9, 4, 12, 16, 4, 1, 6, 7, 1, 8, 2, 2, 3, 1, 6, 4, 2, 5, 2, 9, 9, 5, 1, 2, 2, 3, 5, 1, 8, 1, 6, 6, 4, 7, 3, 4, 3, 8, 1, 2, 5, 1, 11, 4, 4, 6, 1, 13, 1, 12, 4, 1, 3, 1, 6, 6, 5, 1, 2, 10, 5, 4, 1, 2, 8, 4, 6, 1, 9, 1, 7, 4, 2, 4, 14, 4, 4, 7, 5, 1, 6, 5, 9, 21, 10, 3, 2, 5, 6, 1, 7, 7, 2, 7, 2, 1, 1, 5, 9, 1, 1, 3, 1, 4, 1, 8, 2, 5, 4, 2, 8, 12, 5, 13, 1, 5, 11, 2, 7, 10, 1, 6, 1, 6, 5, 6, 5, 1, 7, 2, 5, 11, 1, 5, 5, 4, 1, 4, 3, 5, 6, 7, 7, 12, 6, 1, 1, 6, 6, 1, 4, 3, 1, 4, 13, 6, 3, 6, 1, 5, 1, 2, 1, 6, 12, 1, 1, 3, 4, 1, 1, 9, 9, 6, 3, 15, 6, 6, 1, 4, 6, 14, 4, 3, 1, 5, 3, 2, 1, 1, 5, 6, 6, 2, 3, 1, 8, 4, 1, 4, 16, 4, 7, 9, 9, 5, 1, 3, 3, 1, 1, 4, 1, 2, 6, 9, 4, 7, 5, 3, 4, 6, 1, 9, 1, 5, 8, 10, 6, 7, 6, 3, 10, 3, 11, 2, 5, 10, 8, 1, 4, 6, 3, 1, 3, 7, 1, 4, 1, 2, 4, 9, 1, 5, 1, 4, 18, 11, 2, 13, 4, 6, 3, 5, 2, 5, 1, 10, 12, 1, 3, 1, 2, 1, 5, 2, 5, 2, 2, 1, 5, 8, 4, 3, 8, 1, 10, 1, 1, 8, 2, 3, 5, 2, 9, 1, 4, 5, 3, 3, 4, 5, 7, 5, 1, 5, 5, 2, 11, 2, 13, 2, 3, 10, 8, 3, 5, 6, 3, 5, 3, 1, 5, 5, 9, 1, 2, 3, 20, 1, 5, 5, 5, 5, 1, 3, 1, 9, 3, 5, 7, 1, 8, 1, 3]

Run 19
Start: 1516467682.42
End: 1516467772.24
Elapsed: 89.812030077
Scores: [20, 19, 18, 2, 14, 7, 20, 16, 19, 24, 15, 16, 29, 21, 11, 16, 27, 15, 13, 12, 22, 12, 30, 20, 4, 23, 13, 14, 8, 13, 2, 21, 6, 17, 31, 22, 2, 25, 25, 18, 13, 16, 4, 22, 15, 20, 18, 26, 22, 10, 17, 3, 17, 16, 7, 14, 21, 15, 18, 12, 21, 8, 18, 12, 27, 21, 16, 19, 17, 18, 22, 18, 20, 25, 3, 20, 18, 15, 19, 20, 17, 29, 4, 13, 6, 23, 2, 5, 9, 17, 19, 18, 21, 15, 18, 9, 16, 8, 26, 19, 1, 11, 3, 31, 5, 13, 14, 6, 17, 30, 17, 9, 7, 18, 17, 17, 18, 25, 33, 9, 18, 7, 4, 17, 17, 24, 17, 8, 14, 26, 5, 17, 11, 19, 21, 16, 14, 27, 42, 23, 16, 26, 19, 7, 18, 8, 12, 15, 19, 2, 12, 28, 13, 19, 24, 7, 25, 1, 23, 2, 12, 21, 17, 12, 17, 7, 19, 16, 27, 18, 22, 26, 10, 23, 18, 16, 18, 14, 3, 20, 18, 3, 21, 13, 11, 13, 15, 22, 2, 24, 19, 24, 15, 17, 6, 9, 28, 15, 22, 11, 14, 22, 18, 17, 24, 21, 11, 12, 16, 30, 20, 24, 1, 16, 16, 22, 9, 11, 19, 18, 11, 7, 22, 8, 19, 5, 15, 5, 20, 20, 20, 22, 21, 7, 19, 14, 23, 13, 3, 18, 15, 25, 22, 7, 11, 17, 8, 19, 17, 9, 19, 18, 15, 9, 19, 20, 23, 23, 6, 13, 15, 6, 15, 23, 13, 4, 12, 19, 10, 9, 21, 16, 16, 25, 6, 21, 20, 13, 8, 11, 15, 18, 18, 3, 6, 4, 23, 29, 6, 25, 30, 15, 12, 23, 16, 2, 17, 19, 25, 6, 18, 16, 15, 31, 18, 11, 5, 27, 22, 25, 7, 6, 7, 26, 13, 17, 2, 1, 16, 27, 27, 21, 24, 18, 16, 24, 24, 22, 12, 9, 13, 9, 18, 19, 18, 22, 23, 26, 24, 19, 26, 18, 3, 18, 13, 19, 24, 5, 5, 25, 9, 2, 9, 16, 4, 23, 10, 16, 16, 18, 6, 21, 16, 19, 7, 28, 17, 1, 6, 22, 4, 22, 5, 12, 9, 29, 10, 19, 1, 15, 5, 22, 16, 15, 10, 16, 24, 18, 18, 12, 15, 18, 14, 9, 15, 13, 4, 12, 18, 14, 14, 6, 26, 15, 15, 27, 19, 15, 16, 23, 28, 16, 15, 2, 17, 15, 23, 27, 27, 14, 20, 16, 25, 22, 15, 25, 10, 18, 7, 20, 2, 8, 26, 22, 17, 16, 20, 3, 5, 17, 9, 19, 2, 5, 8, 10, 18, 26, 9, 17, 22, 22, 20, 6, 1, 21, 6, 13, 5, 13, 16, 17, 18, 4, 6, 22, 15, 16, 6, 15, 24, 14, 14, 26, 25, 16, 18, 11, 13, 22, 21, 1, 7, 2, 23, 11, 9, 11, 16, 4, 14, 19, 13, 22, 4, 7, 13, 17, 18, 4]

Run 20
Start: 1516467773.08
End: 1516467847.15
Elapsed: 74.0729589462
Scores: [3, 8, 8, 16, 12, 2, 1, 13, 7, 3, 1, 13, 3, 4, 9, 1, 13, 15, 4, 9, 11, 7, 3, 2, 8, 4, 14, 12, 1, 5, 5, 3, 5, 11, 2, 1, 8, 13, 8, 3, 8, 4, 14, 1, 1, 8, 1, 5, 6, 15, 12, 3, 17, 14, 8, 4, 10, 2, 7, 20, 8, 2, 3, 6, 10, 5, 7, 9, 3, 11, 9, 3, 3, 2, 2, 3, 6, 13, 8, 5, 9, 12, 1, 8, 7, 10, 7, 12, 3, 2, 11, 8, 13, 20, 10, 1, 7, 3, 15, 10, 6, 11, 5, 3, 2, 2, 4, 13, 3, 18, 1, 3, 5, 8, 4, 8, 5, 2, 11, 4, 1, 1, 15, 17, 13, 5, 4, 17, 14, 11, 6, 7, 3, 6, 22, 1, 13, 6, 14, 15, 14, 4, 9, 4, 5, 5, 9, 3, 10, 2, 10, 9, 8, 11, 1, 8, 11, 1, 1, 2, 7, 8, 5, 1, 1, 3, 14, 15, 5, 2, 1, 2, 1, 6, 11, 4, 8, 15, 5, 3, 6, 7, 9, 5, 13, 2, 6, 6, 2, 12, 2, 3, 6, 1, 15, 6, 1, 11, 7, 12, 1, 8, 4, 3, 9, 9, 3, 7, 3, 15, 6, 5, 2, 6, 8, 7, 10, 7, 3, 2, 9, 8, 12, 13, 4, 7, 4, 16, 2, 9, 7, 3, 3, 10, 11, 8, 5, 2, 2, 2, 3, 10, 7, 10, 3, 3, 12, 7, 2, 1, 6, 6, 5, 8, 4, 3, 4, 5, 6, 9, 1, 1, 6, 6, 1, 4, 1, 19, 8, 2, 3, 4, 14, 9, 2, 2, 13, 3, 2, 2, 9, 18, 8, 5, 3, 8, 5, 3, 10, 7, 3, 1, 7, 10, 6, 2, 1, 1, 8, 8, 8, 9, 7, 10, 4, 2, 15, 16, 12, 9, 1, 4, 9, 7, 3, 22, 12, 6, 7, 6, 1, 3, 18, 8, 6, 2, 13, 4, 2, 8, 4, 3, 7, 6, 16, 2, 6, 6, 11, 3, 3, 7, 15, 4, 8, 13, 19, 17, 14, 1, 4, 6, 1, 3, 6, 1, 3, 6, 4, 7, 4, 17, 2, 12, 14, 11, 8, 5, 6, 2, 10, 5, 2, 4, 3, 13, 17, 6, 3, 12, 4, 10, 1, 5, 12, 7, 2, 19, 6, 6, 26, 18, 8, 3, 3, 8, 3, 1, 4, 12, 1, 6, 10, 1, 7, 7, 2, 2, 1, 8, 2, 3, 11, 12, 5, 7, 3, 1, 12, 2, 5, 4, 12, 9, 3, 10, 3, 9, 5, 6, 8, 14, 7, 10, 18, 9, 10, 1, 4, 7, 5, 6, 3, 6, 10, 4, 5, 8, 15, 11, 9, 2, 2, 14, 6, 2, 4, 7, 5, 14, 4, 2, 2, 1, 3, 14, 6, 2, 3, 14, 13, 6, 16, 4, 1, 1, 2, 2, 17, 2, 1, 12, 8, 11, 9, 2, 2, 6, 4, 4, 17, 1, 11, 2, 13, 1, 5, 7, 1, 9]

Run 21
Start: 1516467847.61
End: 1516467902.28
Elapsed: 54.6665439606
Scores: [1, 7, 3, 12, 11, 4, 11, 8, 4, 3, 3, 10, 11, 2, 4, 9, 7, 12, 5, 1, 7, 1, 2, 9, 3, 2, 4, 2, 3, 8, 12, 2, 8, 6, 4, 2, 5, 4, 3, 2, 6, 8, 2, 2, 9, 2, 3, 7, 8, 4, 2, 3, 10, 2, 5, 6, 1, 8, 3, 13, 3, 8, 6, 10, 1, 5, 9, 12, 2, 3, 1, 1, 5, 7, 4, 5, 4, 2, 5, 2, 5, 4, 8, 7, 10, 3, 5, 4, 1, 8, 7, 11, 13, 7, 7, 9, 3, 3, 1, 6, 12, 10, 3, 5, 9, 2, 3, 2, 7, 4, 11, 3, 5, 3, 2, 5, 3, 2, 3, 5, 15, 10, 14, 4, 6, 8, 9, 3, 18, 6, 12, 3, 3, 3, 7, 3, 4, 2, 5, 3, 5, 1, 2, 3, 2, 7, 1, 7, 1, 2, 3, 3, 1, 10, 5, 12, 2, 1, 15, 8, 5, 5, 4, 2, 3, 10, 4, 8, 13, 3, 13, 5, 1, 1, 5, 1, 14, 1, 8, 4, 4, 2, 2, 4, 2, 6, 12, 11, 11, 3, 6, 3, 1, 3, 1, 1, 13, 9, 6, 7, 2, 2, 3, 4, 13, 3, 4, 4, 7, 2, 5, 12, 2, 4, 8, 1, 1, 7, 3, 3, 1, 5, 4, 5, 2, 11, 2, 2, 12, 4, 4, 8, 6, 1, 1, 5, 1, 1, 5, 5, 5, 2, 6, 2, 13, 5, 6, 9, 10, 12, 2, 2, 7, 1, 8, 10, 5, 6, 5, 1, 2, 4, 6, 1, 12, 8, 5, 10, 6, 6, 6, 5, 4, 2, 5, 12, 7, 1, 3, 3, 5, 4, 2, 1, 13, 11, 7, 7, 4, 8, 12, 7, 6, 10, 9, 2, 2, 4, 5, 9, 4, 7, 3, 5, 8, 5, 9, 2, 5, 4, 3, 2, 16, 1, 3, 10, 8, 1, 9, 2, 10, 4, 1, 4, 2, 9, 2, 3, 1, 7, 1, 3, 3, 11, 3, 3, 6, 3, 5, 1, 7, 2, 1, 9, 1, 2, 3, 4, 3, 12, 1, 5, 1, 6, 1, 6, 8, 6, 8, 2, 8, 5, 1, 10, 1, 3, 2, 6, 1, 6, 3, 2, 2, 5, 8, 7, 10, 13, 1, 4, 5, 3, 2, 8, 12, 5, 2, 12, 9, 6, 8, 7, 1, 1, 1, 9, 3, 3, 7, 8, 8, 5, 5, 12, 6, 13, 4, 9, 1, 4, 1, 3, 3, 10, 5, 4, 3, 2, 9, 1, 4, 7, 1, 4, 2, 2, 2, 4, 3, 4, 3, 2, 17, 16, 6, 4, 1, 3, 2, 2, 6, 1, 1, 6, 2, 8, 2, 8, 10, 2, 3, 22, 2, 3, 7, 1, 9, 1, 6, 1, 5, 1, 7, 11, 14, 13, 2, 2, 8, 4, 3, 1, 1, 4, 1, 3, 3, 4, 10, 13, 12, 1, 3, 7, 1, 11, 6, 9, 6, 5, 4, 3, 10, 3, 13, 5, 3, 3, 11, 1]

Run 22
Start: 1516467902.61
End: 1516467961.61
Elapsed: 58.992718935
Scores: [4, 1, 5, 6, 16, 3, 6, 20, 3, 8, 10, 1, 4, 2, 2, 7, 5, 5, 1, 1, 10, 12, 3, 2, 15, 7, 14, 7, 4, 16, 4, 8, 3, 2, 4, 1, 8, 2, 2, 2, 10, 4, 3, 6, 16, 7, 8, 7, 12, 5, 4, 4, 3, 6, 1, 4, 12, 6, 10, 2, 13, 1, 2, 13, 13, 4, 7, 7, 5, 1, 15, 14, 3, 11, 5, 7, 9, 8, 10, 10, 6, 4, 5, 14, 2, 1, 6, 3, 1, 13, 2, 7, 1, 11, 16, 2, 6, 1, 8, 6, 8, 4, 2, 3, 7, 5, 11, 1, 5, 9, 4, 9, 9, 7, 4, 9, 4, 7, 8, 5, 1, 1, 5, 11, 1, 3, 18, 14, 4, 9, 6, 5, 9, 1, 8, 12, 5, 15, 5, 2, 1, 2, 9, 3, 2, 4, 1, 10, 4, 8, 5, 9, 5, 12, 3, 3, 4, 8, 17, 10, 15, 1, 13, 6, 2, 1, 4, 2, 6, 12, 2, 5, 15, 7, 10, 3, 11, 6, 4, 4, 8, 8, 18, 6, 4, 3, 6, 8, 9, 2, 2, 9, 4, 13, 6, 3, 18, 8, 5, 3, 4, 2, 3, 8, 7, 7, 1, 2, 2, 5, 15, 3, 13, 5, 10, 5, 9, 4, 7, 2, 8, 13, 1, 6, 5, 13, 5, 13, 6, 3, 8, 3, 5, 9, 1, 14, 15, 1, 1, 4, 2, 23, 2, 11, 8, 7, 3, 8, 5, 4, 1, 9, 5, 1, 1, 3, 4, 12, 6, 7, 1, 13, 5, 1, 2, 1, 16, 6, 7, 2, 4, 4, 7, 2, 4, 1, 1, 2, 14, 6, 4, 5, 2, 6, 13, 6, 1, 2, 7, 11, 10, 27, 4, 3, 4, 4, 1, 7, 5, 3, 10, 1, 2, 2, 5, 6, 6, 3, 3, 2, 7, 2, 6, 2, 9, 15, 2, 4, 4, 10, 1, 1, 9, 11, 11, 4, 11, 1, 9, 12, 4, 4, 1, 2, 9, 2, 1, 6, 4, 3, 2, 4, 5, 10, 16, 1, 9, 6, 7, 12, 1, 8, 5, 7, 4, 6, 6, 12, 2, 16, 12, 2, 8, 9, 3, 12, 3, 20, 7, 6, 6, 14, 4, 1, 7, 5, 5, 2, 16, 7, 1, 15, 8, 2, 2, 3, 1, 3, 5, 4, 1, 7, 1, 4, 2, 7, 2, 2, 16, 2, 2, 4, 5, 9, 1, 8, 1, 1, 7, 7, 5, 4, 2, 12, 3, 4, 5, 11, 4, 3, 8, 8, 1, 2, 1, 6, 9, 4, 9, 6, 3, 2, 4, 4, 8, 1, 5, 1, 4, 11, 9, 4, 2, 12, 9, 3, 7, 6, 1, 5, 2, 14, 2, 15, 8, 1, 4, 8, 2, 11, 6, 1, 9, 4, 5, 15, 1, 5, 11, 11, 4, 6, 13, 6, 4, 4, 11, 5, 10, 20, 14, 13, 3, 9, 5, 13, 17, 6, 12, 8, 9, 14, 4, 6, 5, 9, 12, 12, 4, 6]

Run 23
Start: 1516467962.31
End: 1516468080.71
Elapsed: 118.40447402
Scores: [6, 4, 1, 10, 7, 4, 4, 10, 14, 19, 13, 5, 5, 1, 4, 5, 10, 14, 4, 1, 3, 5, 16, 9, 4, 2, 8, 1, 6, 10, 10, 6, 9, 9, 7, 14, 7, 5, 3, 13, 3, 4, 20, 5, 12, 2, 6, 4, 5, 3, 3, 7, 1, 1, 8, 2, 1, 8, 15, 5, 2, 6, 9, 13, 2, 1, 2, 8, 8, 15, 14, 14, 7, 16, 4, 3, 4, 14, 5, 7, 11, 9, 5, 5, 3, 1, 16, 1, 1, 4, 14, 2, 5, 8, 13, 10, 1, 3, 5, 13, 15, 10, 1, 15, 13, 7, 4, 10, 4, 4, 7, 2, 13, 11, 5, 10, 1, 7, 10, 7, 7, 3, 4, 5, 1, 6, 10, 1, 6, 5, 3, 13, 1, 18, 6, 11, 8, 8, 22, 1, 1, 8, 4, 9, 1, 15, 16, 1, 9, 5, 12, 1, 5, 6, 1, 2, 5, 11, 12, 1, 2, 2, 7, 3, 19, 16, 20, 6, 2, 9, 1, 5, 11, 8, 15, 8, 14, 4, 8, 9, 4, 6, 3, 5, 3, 4, 3, 4, 2, 10, 1, 7, 20, 12, 11, 10, 6, 12, 10, 2, 1, 2, 5, 16, 1, 7, 8, 18, 6, 4, 1, 11, 12, 4, 1, 5, 15, 3, 9, 14, 10, 4, 10, 3, 8, 9, 6, 2, 7, 11, 11, 4, 6, 11, 6, 8, 3, 9, 4, 13, 3, 6, 6, 7, 13, 4, 1, 9, 3, 13, 4, 7, 13, 10, 5, 11, 6, 17, 8, 5, 1, 4, 8, 9, 7, 1, 9, 10, 3, 1, 8, 2, 7, 10, 4, 5, 16, 7, 14, 8, 10, 5, 1, 3, 6, 14, 9, 3, 16, 4, 1, 1, 6, 10, 3, 8, 11, 14, 2, 1, 4, 7, 11, 5, 18, 11, 13, 7, 1, 7, 18, 14, 2, 16, 10, 8, 5, 10, 14, 5, 4, 4, 9, 6, 4, 3, 11, 15, 8, 6, 7, 8, 8, 4, 6, 8, 9, 22, 2, 1, 1, 7, 14, 8, 1, 5, 11, 4, 3, 2, 6, 1, 1, 7, 11, 4, 1, 3, 3, 2, 13, 3, 13, 5, 3, 12, 7, 8, 4, 1, 8, 13, 15, 1, 2, 13, 19, 1, 1, 5, 4, 3, 1, 7, 8, 15, 1, 5, 7, 5, 16, 7, 6, 16, 21, 7, 7, 1, 15, 9, 6, 7, 10, 11, 1, 5, 14, 4, 9, 3, 11, 10, 2, 6, 4, 15, 6, 1, 9, 1, 13, 7, 1, 2, 7, 8, 6, 2, 3, 14, 4, 12, 11, 8, 9, 14, 4, 10, 6, 6, 8, 4, 4, 14, 9, 4, 7, 2, 6, 1, 2, 1, 1, 13, 2, 17, 3, 4, 7, 5, 12, 9, 17, 15, 6, 9, 4, 3, 1, 1, 3, 7, 10, 5, 5, 4, 15, 11, 3, 9, 5, 14, 13, 14, 13, 2, 7, 2, 2, 6, 1, 1, 16, 2, 11, 17, 6, 7, 1, 1]

Run 24
Start: 1516468081.33
End: 1516468180.31
Elapsed: 98.9801678658
Scores: [7, 1, 15, 5, 4, 0, 4, 16, 11, 6, 15, 5, 12, 17, 1, 0, 4, 24, 0, 2, 22, 12, 11, 11, 5, 0, 28, 0, 21, 5, 10, 13, 4, 0, 0, 10, 21, 0, 21, 21, 8, 13, 3, 26, 18, 3, 3, 0, 0, 3, 1, 2, 4, 20, 4, 21, 17, 23, 12, 11, 2, 27, 19, 27, 9, 5, 5, 5, 3, 11, 0, 0, 23, 0, 27, 9, 22, 15, 8, 10, 1, 30, 2, 0, 13, 7, 5, 0, 6, 3, 1, 0, 8, 0, 24, 1, 6, 0, 3, 9, 25, 18, 10, 9, 21, 12, 10, 0, 16, 2, 0, 27, 3, 0, 10, 29, 4, 11, 13, 20, 17, 0, 1, 21, 8, 19, 10, 1, 6, 9, 9, 0, 8, 3, 0, 20, 15, 0, 13, 7, 16, 4, 0, 7, 2, 0, 13, 23, 0, 9, 3, 21, 0, 0, 18, 17, 17, 0, 14, 5, 10, 6, 31, 17, 7, 7, 4, 10, 0, 9, 3, 20, 31, 11, 8, 0, 0, 15, 1, 0, 15, 7, 12, 20, 7, 19, 4, 9, 0, 0, 5, 8, 6, 8, 10, 13, 3, 0, 16, 3, 0, 20, 0, 15, 11, 20, 10, 9, 17, 9, 20, 5, 2, 1, 3, 5, 14, 0, 20, 15, 23, 21, 17, 19, 18, 0, 1, 10, 12, 25, 8, 17, 2, 28, 0, 2, 23, 2, 0, 0, 0, 0, 25, 15, 1, 8, 0, 2, 19, 3, 0, 12, 0, 0, 5, 7, 23, 3, 13, 26, 0, 0, 22, 9, 13, 10, 19, 20, 1, 21, 4, 18, 16, 9, 5, 5, 0, 4, 2, 0, 16, 16, 2, 3, 10, 2, 11, 0, 15, 5, 0, 15, 18, 2, 20, 0, 4, 16, 5, 4, 21, 13, 0, 13, 2, 0, 1, 0, 0, 1, 4, 2, 7, 2, 6, 4, 13, 15, 9, 26, 3, 13, 15, 8, 0, 12, 0, 10, 0, 17, 0, 0, 0, 18, 1, 0, 0, 29, 3, 8, 0, 22, 10, 0, 3, 4, 3, 3, 0, 14, 8, 5, 0, 3, 3, 3, 3, 4, 11, 7, 0, 6, 11, 4, 5, 3, 1, 0, 5, 10, 12, 8, 21, 3, 11, 19, 3, 16, 13, 22, 8, 15, 3, 29, 5, 1, 4, 26, 5, 0, 4, 20, 14, 0, 0, 0, 10, 30, 2, 12, 7, 11, 12, 8, 0, 3, 9, 18, 0, 0, 3, 12, 14, 2, 22, 0, 4, 7, 4, 12, 1, 20, 4, 1, 0, 29, 0, 12, 17, 17, 21, 11, 7, 7, 14, 13, 7, 0, 0, 10, 10, 5, 0, 8, 0, 18, 0, 0, 21, 12, 1, 0, 0, 15, 16, 17, 3, 9, 6, 5, 16, 0, 0, 5, 8, 25, 17, 0, 7, 0, 23, 1, 20, 0, 13, 11, 10, 4, 0, 15, 0, 0, 16, 7, 10, 21, 22, 7, 16, 2, 11, 11, 18, 18, 1, 7, 28, 2, 3, 4]

Run 25
Start: 1516468181.48
End: 1516468247.08
Elapsed: 65.5981709957
Scores: [7, 4, 7, 1, 4, 10, 1, 5, 2, 9, 2, 6, 3, 6, 3, 7, 6, 7, 2, 4, 3, 2, 4, 2, 7, 1, 2, 5, 6, 5, 3, 3, 2, 10, 1, 2, 6, 7, 1, 6, 1, 4, 16, 5, 2, 4, 11, 1, 4, 6, 1, 13, 9, 2, 1, 8, 8, 3, 7, 13, 2, 7, 9, 11, 8, 4, 2, 4, 2, 7, 3, 3, 8, 7, 4, 6, 2, 6, 2, 2, 3, 2, 4, 4, 2, 14, 2, 6, 2, 2, 8, 4, 1, 4, 2, 5, 4, 12, 4, 2, 9, 3, 11, 4, 3, 3, 8, 3, 4, 1, 5, 4, 2, 5, 7, 8, 14, 6, 6, 4, 4, 9, 1, 5, 1, 13, 4, 4, 1, 4, 2, 6, 2, 1, 1, 5, 7, 5, 2, 5, 7, 7, 1, 2, 3, 2, 1, 6, 2, 4, 4, 2, 2, 1, 6, 14, 3, 1, 4, 7, 9, 4, 6, 2, 7, 11, 9, 7, 2, 7, 7, 2, 4, 2, 1, 3, 1, 1, 2, 12, 6, 4, 7, 10, 9, 6, 4, 1, 9, 3, 1, 8, 1, 4, 9, 5, 9, 2, 11, 6, 5, 2, 3, 1, 8, 4, 8, 10, 1, 5, 1, 2, 1, 10, 8, 4, 2, 5, 1, 4, 5, 8, 10, 2, 10, 2, 1, 2, 4, 9, 2, 8, 3, 1, 5, 3, 4, 6, 1, 10, 1, 5, 1, 6, 7, 6, 1, 3, 8, 14, 6, 4, 2, 4, 3, 1, 4, 2, 3, 6, 9, 7, 5, 3, 8, 1, 3, 2, 13, 2, 17, 4, 2, 2, 1, 1, 11, 4, 4, 2, 3, 9, 2, 2, 2, 4, 1, 8, 1, 3, 10, 5, 5, 5, 5, 1, 11, 7, 1, 2, 6, 8, 2, 5, 4, 4, 9, 3, 5, 4, 1, 9, 3, 2, 5, 8, 11, 2, 2, 9, 16, 9, 7, 3, 8, 7, 3, 4, 1, 8, 8, 5, 8, 2, 13, 4, 11, 1, 1, 15, 2, 4, 17, 13, 1, 10, 1, 6, 7, 1, 4, 12, 1, 7, 9, 5, 4, 10, 4, 11, 4, 5, 8, 1, 5, 6, 4, 7, 2, 2, 7, 2, 7, 1, 3, 4, 6, 7, 8, 6, 3, 5, 2, 8, 5, 6, 4, 4, 3, 1, 7, 6, 7, 1, 4, 2, 5, 2, 5, 6, 10, 9, 10, 1, 2, 7, 2, 1, 10, 5, 3, 8, 7, 5, 2, 9, 1, 1, 7, 5, 6, 8, 3, 1, 1, 4, 1, 1, 7, 3, 2, 2, 3, 1, 11, 9, 13, 1, 1, 5, 3, 1, 1, 2, 10, 12, 7, 11, 8, 3, 1, 3, 2, 7, 1, 3, 10, 2, 6, 4, 1, 2, 4, 4, 7, 7, 1, 8, 2, 5, 6, 3, 1, 1, 3, 2, 3, 5, 14, 1, 10, 6, 8, 4, 3, 3, 3, 5, 7, 1, 2, 4, 2, 5, 1, 3, 4, 2, 9, 8]

Run 26
Start: 1516468247.65
End: 1516468325.87
Elapsed: 78.2230870724
Scores: [8, 3, 6, 8, 7, 3, 6, 5, 1, 11, 10, 3, 6, 3, 7, 3, 1, 5, 1, 4, 3, 9, 3, 1, 7, 1, 6, 9, 8, 5, 6, 8, 2, 4, 6, 2, 1, 5, 6, 3, 7, 4, 1, 8, 5, 17, 5, 3, 2, 2, 1, 8, 7, 1, 4, 3, 6, 1, 6, 13, 6, 10, 1, 5, 6, 1, 2, 4, 4, 4, 1, 10, 11, 6, 4, 4, 1, 4, 16, 1, 5, 5, 3, 1, 7, 4, 10, 7, 9, 4, 2, 4, 9, 6, 1, 6, 2, 7, 1, 6, 13, 11, 5, 2, 1, 11, 6, 5, 10, 2, 8, 4, 4, 6, 6, 6, 4, 5, 8, 5, 2, 3, 2, 4, 12, 6, 2, 8, 1, 6, 5, 10, 4, 4, 4, 2, 2, 3, 2, 4, 6, 5, 8, 7, 11, 2, 4, 7, 2, 5, 4, 13, 9, 5, 4, 2, 5, 4, 4, 3, 6, 9, 9, 2, 9, 3, 11, 1, 1, 5, 7, 5, 2, 1, 13, 6, 4, 8, 4, 4, 10, 8, 2, 2, 3, 6, 2, 5, 5, 2, 4, 9, 3, 8, 10, 7, 5, 1, 7, 6, 2, 2, 12, 7, 1, 8, 1, 1, 3, 1, 5, 1, 5, 4, 5, 2, 10, 7, 10, 15, 8, 3, 6, 7, 7, 3, 2, 3, 6, 8, 9, 6, 13, 2, 16, 6, 6, 14, 8, 6, 10, 7, 2, 4, 3, 6, 6, 15, 4, 6, 3, 2, 4, 1, 8, 8, 8, 3, 4, 1, 1, 5, 3, 2, 3, 3, 5, 1, 5, 1, 1, 7, 12, 10, 2, 2, 2, 7, 1, 2, 4, 1, 6, 13, 10, 2, 10, 1, 9, 9, 6, 9, 4, 15, 1, 5, 6, 1, 10, 2, 1, 1, 9, 3, 9, 9, 7, 5, 2, 5, 16, 1, 3, 6, 1, 12, 1, 3, 1, 6, 2, 8, 4, 8, 2, 1, 5, 2, 10, 5, 5, 11, 9, 2, 1, 1, 4, 7, 1, 6, 2, 1, 4, 5, 2, 2, 11, 3, 14, 6, 5, 8, 8, 2, 4, 8, 5, 7, 3, 9, 7, 3, 1, 2, 17, 15, 7, 5, 2, 8, 1, 7, 1, 2, 3, 4, 8, 3, 11, 4, 5, 8, 4, 2, 4, 4, 5, 13, 8, 8, 1, 6, 6, 1, 15, 2, 6, 5, 7, 5, 2, 6, 7, 2, 1, 14, 4, 5, 18, 9, 5, 3, 8, 1, 3, 2, 2, 5, 5, 4, 15, 2, 3, 4, 12, 2, 3, 7, 11, 2, 3, 2, 8, 5, 4, 3, 5, 12, 2, 5, 7, 1, 12, 5, 13, 7, 3, 9, 3, 7, 1, 11, 1, 4, 1, 4, 3, 2, 3, 6, 1, 7, 1, 14, 11, 1, 5, 3, 10, 2, 5, 4, 5, 17, 4, 3, 2, 1, 15, 6, 2, 1, 5, 2, 4, 3, 3, 1, 6, 1, 7, 1, 2, 11, 10, 4, 2, 7, 4, 6]

Run 27
Start: 1516468326.5
End: 1516468446.84
Elapsed: 120.344878912
Scores: [7, 13, 2, 6, 16, 11, 14, 9, 6, 21, 2, 21, 6, 3, 5, 16, 6, 2, 3, 10, 6, 2, 4, 5, 11, 2, 11, 6, 6, 9, 7, 10, 7, 19, 8, 20, 12, 17, 18, 4, 3, 4, 5, 8, 1, 6, 8, 3, 6, 15, 11, 15, 2, 17, 6, 5, 10, 6, 6, 3, 8, 2, 3, 2, 5, 8, 1, 8, 2, 2, 7, 1, 1, 8, 14, 8, 9, 7, 2, 12, 16, 2, 2, 5, 4, 11, 7, 3, 13, 3, 6, 4, 10, 1, 1, 7, 8, 9, 12, 7, 13, 7, 16, 6, 1, 6, 2, 7, 3, 3, 9, 3, 4, 6, 4, 9, 17, 1, 2, 3, 3, 10, 1, 4, 1, 3, 1, 10, 6, 2, 4, 11, 13, 3, 6, 9, 16, 2, 7, 5, 8, 5, 11, 15, 3, 2, 7, 11, 6, 8, 2, 3, 7, 15, 8, 8, 3, 1, 15, 10, 9, 4, 8, 14, 14, 3, 1, 3, 1, 1, 6, 14, 5, 9, 2, 15, 11, 5, 1, 11, 11, 12, 6, 1, 2, 9, 12, 4, 6, 1, 3, 16, 3, 16, 1, 12, 11, 13, 1, 6, 15, 1, 16, 9, 11, 14, 6, 1, 6, 18, 7, 7, 4, 5, 15, 6, 2, 11, 6, 12, 8, 5, 6, 7, 10, 6, 3, 3, 12, 5, 1, 9, 9, 1, 6, 6, 7, 2, 15, 8, 5, 9, 5, 5, 3, 7, 20, 14, 7, 12, 6, 6, 15, 12, 6, 4, 2, 2, 1, 1, 13, 6, 5, 4, 12, 4, 12, 9, 5, 1, 2, 11, 14, 12, 12, 10, 2, 1, 4, 9, 4, 7, 5, 1, 2, 1, 1, 14, 7, 9, 7, 6, 3, 6, 9, 8, 1, 9, 4, 13, 6, 5, 20, 20, 6, 3, 13, 2, 13, 2, 14, 12, 8, 19, 6, 9, 3, 12, 3, 10, 5, 3, 17, 8, 4, 8, 10, 7, 11, 5, 5, 4, 4, 4, 4, 6, 19, 2, 8, 11, 7, 18, 4, 12, 13, 11, 1, 27, 15, 8, 13, 5, 8, 10, 5, 3, 7, 16, 13, 8, 12, 8, 10, 2, 7, 6, 2, 4, 13, 13, 2, 19, 9, 2, 9, 8, 7, 20, 10, 2, 1, 5, 6, 1, 14, 1, 11, 10, 13, 3, 16, 1, 4, 11, 4, 11, 1, 11, 6, 6, 7, 6, 10, 7, 6, 9, 3, 1, 23, 2, 1, 10, 5, 2, 4, 8, 7, 5, 20, 3, 1, 11, 2, 6, 1, 5, 1, 3, 9, 10, 9, 3, 13, 19, 4, 11, 7, 8, 6, 13, 6, 5, 7, 5, 5, 6, 7, 13, 2, 9, 14, 10, 1, 2, 5, 4, 4, 2, 2, 2, 1, 9, 2, 2, 18, 6, 4, 16, 6, 7, 7, 15, 1, 2, 8, 5, 1, 7, 6, 5, 12, 9, 7, 6, 9, 3, 3, 14, 7, 9, 7, 12, 5, 14, 7, 12, 2, 11, 12, 5]

Run 28
Start: 1516468447.62
End: 1516468492.44
Elapsed: 44.8210480213
Scores: [1, 1, 3, 4, 5, 2, 2, 3, 1, 1, 1, 1, 4, 4, 3, 3, 1, 4, 3, 2, 1, 3, 2, 4, 3, 3, 3, 2, 4, 1, 1, 4, 8, 5, 0, 3, 2, 1, 3, 1, 3, 1, 1, 2, 4, 12, 1, 0, 1, 4, 1, 2, 2, 1, 2, 1, 1, 7, 3, 1, 1, 5, 4, 5, 3, 2, 4, 2, 6, 1, 2, 2, 2, 7, 2, 2, 2, 5, 3, 8, 3, 4, 2, 7, 1, 3, 17, 4, 1, 3, 5, 4, 4, 3, 1, 4, 3, 2, 5, 2, 3, 2, 11, 4, 1, 8, 3, 3, 7, 1, 5, 4, 3, 3, 2, 10, 1, 10, 1, 5, 2, 1, 3, 7, 6, 4, 2, 1, 6, 1, 4, 1, 1, 2, 1, 2, 1, 6, 1, 2, 1, 1, 4, 1, 3, 4, 5, 2, 2, 1, 9, 2, 5, 3, 1, 7, 1, 4, 6, 1, 1, 3, 2, 1, 3, 7, 2, 2, 1, 5, 10, 1, 3, 2, 2, 6, 3, 6, 2, 0, 4, 1, 4, 1, 4, 1, 1, 2, 5, 4, 3, 6, 1, 6, 1, 1, 1, 1, 1, 3, 1, 6, 1, 10, 3, 1, 3, 1, 4, 1, 1, 1, 0, 3, 4, 1, 2, 1, 1, 5, 4, 3, 1, 1, 1, 1, 2, 2, 5, 1, 2, 7, 7, 6, 0, 1, 3, 2, 1, 3, 1, 1, 1, 1, 1, 7, 4, 3, 4, 1, 5, 1, 2, 2, 1, 2, 3, 3, 7, 2, 1, 11, 5, 2, 1, 1, 1, 4, 1, 1, 1, 1, 1, 1, 4, 6, 6, 2, 4, 2, 2, 2, 5, 6, 1, 1, 1, 9, 1, 4, 3, 1, 2, 2, 2, 2, 9, 2, 2, 4, 1, 1, 2, 1, 1, 1, 2, 6, 1, 1, 3, 7, 2, 1, 2, 2, 6, 1, 1, 1, 3, 4, 2, 2, 10, 3, 4, 6, 2, 3, 11, 1, 1, 3, 1, 6, 4, 1, 2, 4, 1, 2, 4, 3, 2, 2, 1, 3, 1, 2, 4, 4, 2, 1, 5, 11, 5, 2, 1, 1, 5, 5, 9, 5, 3, 4, 4, 12, 1, 1, 2, 1, 3, 3, 2, 2, 1, 2, 3, 4, 10, 1, 6, 2, 2, 2, 2, 5, 3, 4, 1, 1, 3, 0, 4, 1, 8, 2, 4, 2, 1, 2, 3, 5, 1, 1, 1, 1, 5, 1, 3, 1, 0, 3, 1, 2, 4, 2, 2, 1, 8, 3, 3, 1, 4, 2, 2, 4, 2, 6, 2, 3, 1, 0, 1, 7, 2, 9, 6, 1, 1, 3, 4, 1, 1, 3, 3, 4, 1, 1, 7, 3, 6, 2, 1, 7, 1, 3, 3, 5, 1, 3, 10, 1, 2, 2, 1, 2, 2, 2, 0, 3, 4, 1, 2, 1, 5, 6, 2, 1, 2, 5, 1, 0, 1, 1, 1, 1, 2, 3, 6, 3, 11, 1, 1, 8, 3, 7, 3, 1]

Run 29
Start: 1516468492.82
End: 1516468594.06
Elapsed: 101.240468025
Scores: [26, 37, 16, 13, 22, 7, 17, 14, 5, 19, 12, 20, 2, 15, 26, 7, 8, 18, 12, 17, 21, 23, 5, 10, 29, 16, 15, 29, 4, 19, 4, 16, 16, 1, 16, 24, 15, 12, 17, 15, 1, 7, 5, 3, 5, 3, 5, 19, 1, 19, 8, 18, 7, 22, 9, 21, 20, 25, 20, 1, 5, 2, 22, 6, 10, 18, 10, 16, 27, 27, 27, 15, 13, 8, 23, 20, 14, 20, 16, 39, 12, 12, 12, 12, 22, 28, 20, 27, 16, 7, 29, 6, 22, 11, 19, 4, 21, 3, 7, 21, 30, 2, 9, 21, 4, 24, 33, 31, 16, 1, 18, 6, 10, 18, 18, 17, 18, 4, 6, 12, 1, 19, 3, 10, 13, 4, 4, 25, 18, 18, 19, 11, 14, 15, 19, 18, 20, 10, 15, 7, 24, 21, 25, 10, 14, 13, 13, 8, 11, 6, 4, 14, 21, 5, 17, 13, 16, 17, 19, 3, 18, 16, 24, 18, 3, 18, 25, 8, 6, 34, 16, 5, 16, 7, 26, 18, 30, 31, 17, 19, 25, 13, 16, 2, 7, 7, 22, 11, 19, 8, 7, 6, 17, 13, 17, 13, 23, 4, 12, 9, 23, 32, 14, 20, 14, 17, 10, 26, 3, 14, 11, 6, 12, 15, 15, 19, 18, 19, 19, 21, 5, 6, 13, 12, 21, 24, 19, 10, 30, 14, 17, 17, 17, 27, 23, 1, 20, 15, 20, 1, 27, 27, 8, 13, 12, 17, 28, 4, 10, 19, 7, 8, 22, 21, 11, 7, 10, 22, 6, 40, 16, 16, 25, 2, 4, 4, 7, 13, 3, 22, 1, 28, 7, 6, 1, 13, 24, 4, 3, 23, 26, 1, 21, 5, 25, 19, 20, 17, 2, 13, 17, 15, 1, 32, 1, 3, 16, 14, 2, 28, 5, 17, 19, 19, 9, 20, 4, 7, 22, 4, 22, 7, 8, 21, 6, 13, 1, 12, 14, 16, 3, 31, 17, 15, 1, 7, 22, 13, 11, 7, 16, 19, 17, 2, 18, 2, 14, 31, 21, 10, 1, 16, 15, 6, 22, 2, 25, 29, 17, 2, 12, 24, 12, 13, 16, 5, 34, 27, 27, 18, 22, 17, 25, 16, 27, 1, 29, 10, 17, 19, 2, 5, 3, 24, 20, 22, 24, 16, 1, 11, 12, 15, 17, 4, 2, 30, 15, 30, 2, 15, 22, 4, 1, 22, 11, 13, 13, 14, 19, 8, 9, 18, 15, 19, 8, 19, 22, 16, 12, 15, 2, 15, 4, 27, 17, 15, 15, 1, 6, 13, 19, 18, 5, 7, 21, 14, 15, 8, 23, 15, 29, 9, 6, 30, 17, 8, 23, 2, 24, 11, 1, 2, 5, 16, 15, 10, 20, 29, 12, 30, 14, 30, 7, 24, 9, 22, 19, 1, 29, 4, 15, 18, 18, 1, 12, 20, 26, 27, 4, 13, 6, 14, 27, 24, 27, 10, 20, 14, 20, 16, 11, 23, 16, 22, 31, 6, 5, 27, 7, 20, 24, 7, 22, 35, 6, 30, 11, 1, 21, 20]

