Run 0
Start: 1516454806.36
End: 1516456398.0
Elapsed: 1591.64138508
Scores: [8, 15, 14, 11, 21, 7, 1, 24, 22, 11, 13, 41, 6, 29, 24, 16, 17, 30, 15, 4, 29, 29, 19, 27, 31, 18, 46, 19, 33, 27, 18, 27, 21, 23, 26, 30, 31, 4, 28, 31, 30, 38, 25, 10, 35, 23, 10, 19, 35, 2, 3, 30, 27, 33, 21, 20, 27, 6, 25, 1, 6, 18, 15, 20, 5, 1, 32, 20, 23, 28, 36, 8, 25, 16, 1, 30, 23, 22, 20, 20, 24, 12, 1, 21, 21, 25, 1, 4, 28, 33, 24, 26, 20, 7, 23, 27, 26, 10, 35, 25, 22, 16, 31, 19, 14, 22, 36, 2, 24, 30, 27, 18, 24, 18, 19, 18, 26, 26, 20, 20, 17, 24, 20, 30, 7, 28, 1, 2, 2, 13, 34, 29, 23, 2, 24, 33, 29, 26, 26, 17, 26, 13, 4, 19, 5, 27, 24, 28, 10, 16, 29, 32, 30, 30, 27, 29, 29, 24, 8, 35, 31, 26, 20, 32, 29, 24, 26, 3, 10, 18, 23, 37, 20, 30, 30, 8, 12, 17, 10, 20, 17, 35, 12, 6, 24, 17, 24, 28, 10, 32, 5, 23, 11, 29, 1, 35, 23, 19, 14, 29, 10, 20, 15, 24, 25, 26, 12, 8, 14, 24, 29, 30, 27, 17, 9, 14, 8, 24, 8, 11, 2, 18, 23, 5, 18, 29, 25, 1, 5, 4, 27, 26, 17, 23, 23, 21, 23, 15, 19, 8, 27, 29, 33, 24, 38, 11, 27, 28, 26, 25, 16, 9, 22, 28, 25, 30, 11, 22, 12, 23, 7, 22, 17, 28, 22, 17, 11, 15, 30, 2, 23, 9, 35, 34, 23, 15, 13, 11, 17, 32, 27, 30, 21, 28, 1, 24, 12, 23, 20, 34, 5, 31, 17, 16, 35, 3, 18, 5, 13, 44, 23, 20, 1, 24, 38, 16, 6, 30, 33, 2, 27, 20, 17, 25, 25, 37, 24, 29, 34, 30, 22, 23, 33, 10, 25, 20, 15, 28, 35, 30, 3, 29, 24, 26, 33, 29, 25, 2, 29, 21, 16, 7, 28, 39, 34, 11, 22, 22, 4, 29, 23, 28, 8, 8, 31, 21, 30, 17, 14, 19, 32, 34, 15, 25, 8, 16, 11, 19, 36, 26, 5, 23, 21, 21, 25, 31, 22, 5, 5, 28, 2, 7, 26, 29, 26, 26, 9, 28, 1, 27, 21, 32, 20, 19, 16, 20, 40, 38, 26, 8, 19, 15, 24, 23, 22, 9, 9, 13, 31, 41, 15, 13, 32, 10, 15, 21, 16, 1, 6, 29, 29, 19, 13, 22, 28, 28, 24, 11, 39, 25, 19, 27, 20, 27, 28, 26, 20, 3, 25, 25, 13, 35, 26, 19, 10, 9, 23, 27, 27, 5, 2, 30, 22, 15, 28, 14, 22, 32, 11, 15, 24, 25, 16, 23, 28, 24, 8, 10, 20, 28, 6, 3, 18, 28, 18, 26, 31, 35, 22, 25, 33, 16, 9, 13, 10, 9, 17, 15, 24, 32, 12, 24, 4, 27, 26, 21, 17, 1, 6, 20]

Run 10
Start: 1516455909.38
End: 1516456603.88
Elapsed: 694.505056858
Scores: [1, 1, 8, 9, 1, 5, 5, 18, 7, 2, 8, 8, 4, 11, 9, 8, 2, 3, 1, 12, 3, 4, 3, 1, 1, 19, 7, 5, 6, 7, 12, 1, 7, 5, 2, 4, 12, 7, 7, 7, 2, 4, 4, 5, 1, 2, 4, 12, 7, 2, 2, 10, 2, 8, 5, 6, 3, 1, 4, 9, 6, 2, 4, 3, 1, 10, 4, 8, 12, 2, 8, 1, 10, 6, 9, 8, 4, 2, 2, 8, 11, 6, 7, 3, 1, 3, 1, 3, 3, 1, 6, 4, 10, 6, 5, 3, 11, 2, 1, 6, 8, 1, 7, 5, 3, 14, 1, 7, 2, 3, 11, 1, 1, 4, 2, 4, 6, 13, 7, 1, 5, 2, 10, 3, 3, 2, 6, 3, 4, 2, 1, 8, 1, 11, 2, 3, 6, 5, 5, 3, 7, 2, 1, 6, 2, 2, 2, 4, 3, 3, 1, 5, 11, 2, 9, 1, 3, 12, 5, 3, 15, 6, 14, 10, 1, 3, 8, 10, 2, 12, 8, 6, 9, 5, 2, 2, 6, 9, 3, 12, 7, 9, 1, 1, 2, 2, 4, 8, 3, 9, 2, 4, 10, 7, 4, 4, 1, 9, 5, 9, 4, 1, 1, 3, 2, 5, 9, 7, 3, 3, 8, 2, 2, 14, 9, 12, 9, 2, 5, 7, 5, 3, 2, 4, 4, 8, 2, 13, 15, 5, 1, 4, 16, 3, 15, 4, 4, 7, 5, 5, 2, 4, 6, 1, 1, 9, 3, 7, 12, 8, 13, 6, 2, 7, 6, 8, 4, 12, 1, 6, 8, 2, 1, 2, 3, 2, 1, 9, 7, 2, 5, 1, 1, 5, 4, 2, 3, 6, 2, 3, 2, 6, 10, 7, 2, 4, 14, 15, 2, 7, 6, 9, 4, 1, 1, 2, 8, 4, 1, 9, 1, 5, 4, 16, 1, 2, 13, 6, 7, 2, 11, 18, 1, 14, 2, 9, 4, 3, 7, 1, 3, 16, 12, 1, 2, 3, 1, 1, 1, 3, 4, 7, 2, 2, 6, 10, 1, 2, 1, 7, 10, 1, 4, 1, 4, 10, 3, 6, 5, 10, 1, 6, 3, 5, 11, 8, 9, 1, 6, 8, 2, 4, 10, 4, 5, 5, 10, 9, 3, 7, 6, 6, 3, 2, 6, 1, 1, 2, 3, 5, 1, 2, 2, 2, 14, 8, 5, 1, 6, 16, 3, 6, 5, 5, 6, 2, 4, 8, 5, 7, 6, 1, 14, 1, 1, 3, 7, 4, 2, 5, 8, 7, 6, 7, 11, 9, 1, 6, 14, 1, 9, 2, 8, 2, 2, 6, 6, 2, 1, 1, 2, 2, 13, 10, 3, 3, 4, 8, 1, 14, 13, 8, 1, 1, 1, 9, 3, 3, 4, 11, 4, 7, 15, 8, 5, 2, 5, 8, 2, 1, 1, 5, 2, 12, 5, 3, 6, 11, 3, 4, 1, 2, 7, 6, 6, 3, 5, 2, 2, 3, 7, 2, 3, 10, 4, 2, 2, 4, 1, 5, 2, 5, 5, 3, 7, 6, 7, 5, 6, 11]

Run 5
Start: 1516454993.94
End: 1516456638.82
Elapsed: 1644.87326193
Scores: [38, 19, 17, 23, 30, 26, 29, 26, 22, 35, 29, 17, 30, 30, 20, 17, 31, 24, 21, 13, 4, 30, 1, 27, 20, 2, 15, 22, 23, 20, 8, 10, 25, 20, 15, 34, 28, 18, 15, 30, 16, 31, 26, 22, 25, 39, 33, 21, 31, 20, 17, 20, 25, 19, 26, 32, 26, 29, 25, 4, 18, 15, 19, 31, 20, 15, 15, 22, 28, 29, 24, 13, 17, 21, 30, 29, 19, 16, 31, 33, 32, 24, 17, 23, 1, 26, 25, 26, 23, 28, 27, 29, 17, 21, 24, 25, 33, 22, 34, 30, 22, 26, 38, 7, 20, 44, 39, 1, 1, 18, 28, 23, 44, 34, 22, 35, 33, 35, 25, 37, 17, 18, 20, 33, 18, 33, 27, 34, 21, 29, 26, 37, 33, 31, 12, 25, 30, 21, 14, 21, 42, 17, 47, 16, 37, 18, 1, 21, 32, 13, 27, 15, 26, 17, 17, 30, 18, 24, 19, 19, 25, 29, 13, 17, 29, 19, 35, 32, 4, 18, 23, 33, 22, 25, 18, 26, 43, 29, 27, 11, 31, 17, 26, 20, 30, 15, 22, 25, 35, 31, 25, 19, 35, 21, 29, 15, 26, 22, 37, 22, 23, 24, 16, 30, 10, 18, 20, 33, 29, 24, 9, 35, 21, 22, 30, 44, 21, 16, 23, 35, 26, 25, 19, 32, 14, 13, 32, 19, 15, 25, 41, 19, 25, 16, 34, 2, 19, 28, 32, 1, 20, 43, 26, 20, 28, 42, 31, 40, 20, 29, 22, 33, 23, 26, 26, 20, 29, 21, 24, 25, 26, 38, 44, 35, 33, 19, 43, 22, 20, 43, 24, 22, 29, 17, 33, 25, 10, 21, 31, 30, 28, 21, 21, 1, 20, 26, 22, 39, 37, 22, 5, 22, 29, 23, 31, 41, 37, 25, 24, 37, 20, 24, 21, 22, 23, 13, 4, 25, 16, 37, 21, 10, 20, 20, 28, 17, 15, 17, 28, 32, 39, 21, 38, 19, 34, 36, 19, 24, 31, 21, 26, 25, 34, 27, 26, 33, 22, 1, 24, 7, 22, 41, 14, 17, 27, 29, 28, 22, 26, 24, 19, 10, 17, 20, 23, 13, 27, 14, 27, 28, 12, 18, 26, 20, 15, 5, 2, 29, 40, 29, 29, 14, 35, 35, 34, 18, 20, 27, 19, 36, 29, 28, 41, 30, 23, 30, 1, 28, 35, 7, 35, 27, 25, 33, 28, 35, 16, 23, 23, 11, 7, 39, 4, 38, 27, 30, 33, 21, 32, 19, 28, 23, 21, 32, 21, 26, 27, 12, 21, 37, 29, 43, 15, 26, 28, 1, 23, 15, 26, 24, 23, 28, 28, 1, 25, 15, 27, 26, 20, 27, 31, 43, 20, 16, 26, 22, 29, 14, 35, 26, 26, 22, 19, 22, 32, 25, 20, 34, 28, 17, 29, 23, 24, 39, 15, 27, 23, 17, 14, 21, 47, 35, 25, 26, 24, 25, 39, 47, 2, 11, 20, 20, 15, 25, 34, 21, 22, 22, 22, 13, 37, 33, 25, 30, 22, 29, 22, 36, 31, 26]

Run 15
Start: 1516455998.48
End: 1516457189.52
Elapsed: 1191.03507996
Scores: [16, 27, 17, 17, 15, 17, 27, 1, 21, 6, 15, 9, 20, 14, 12, 2, 19, 21, 16, 15, 16, 21, 32, 6, 32, 19, 16, 1, 1, 24, 14, 13, 19, 17, 1, 17, 18, 20, 11, 15, 22, 26, 20, 23, 10, 24, 26, 2, 23, 24, 20, 9, 8, 18, 20, 16, 20, 21, 18, 1, 27, 20, 4, 15, 15, 19, 13, 30, 25, 8, 24, 17, 22, 15, 25, 16, 20, 23, 15, 3, 21, 15, 1, 21, 15, 25, 10, 27, 26, 23, 5, 24, 26, 21, 10, 17, 17, 13, 26, 9, 13, 19, 23, 16, 29, 16, 5, 5, 2, 2, 35, 18, 17, 20, 17, 13, 18, 2, 4, 15, 15, 7, 12, 24, 17, 1, 16, 19, 5, 23, 12, 2, 8, 24, 19, 14, 17, 5, 21, 15, 16, 1, 23, 19, 22, 11, 11, 5, 14, 8, 15, 16, 3, 8, 14, 19, 19, 13, 5, 21, 17, 21, 11, 18, 11, 12, 13, 2, 9, 14, 1, 19, 12, 21, 27, 13, 22, 16, 27, 21, 18, 1, 21, 18, 12, 14, 24, 20, 17, 3, 24, 1, 18, 10, 12, 5, 12, 4, 20, 24, 27, 17, 8, 3, 13, 17, 16, 19, 3, 10, 7, 14, 17, 18, 18, 5, 8, 1, 2, 13, 21, 23, 16, 21, 21, 7, 9, 15, 25, 29, 19, 18, 19, 26, 1, 9, 19, 10, 28, 14, 21, 24, 29, 11, 18, 4, 22, 4, 11, 16, 17, 2, 10, 13, 8, 14, 16, 11, 18, 11, 6, 8, 15, 24, 3, 2, 11, 20, 4, 13, 27, 8, 10, 13, 7, 5, 16, 14, 3, 3, 16, 7, 31, 13, 5, 13, 7, 16, 8, 11, 26, 15, 21, 11, 22, 22, 13, 26, 1, 19, 18, 3, 18, 17, 19, 19, 17, 17, 3, 24, 1, 20, 19, 20, 22, 19, 20, 18, 23, 18, 7, 3, 15, 17, 33, 11, 5, 10, 13, 19, 15, 18, 4, 16, 24, 1, 10, 19, 1, 32, 26, 1, 17, 4, 11, 21, 18, 17, 21, 20, 19, 16, 14, 18, 12, 11, 1, 18, 25, 7, 17, 20, 3, 21, 20, 27, 28, 1, 23, 23, 20, 24, 19, 14, 18, 21, 5, 15, 21, 10, 9, 5, 4, 12, 6, 4, 14, 13, 1, 11, 11, 16, 26, 1, 12, 21, 14, 22, 24, 27, 23, 19, 14, 13, 18, 14, 6, 19, 6, 15, 20, 4, 13, 11, 21, 15, 23, 13, 20, 1, 16, 19, 20, 21, 13, 20, 19, 18, 24, 18, 19, 16, 16, 3, 26, 11, 10, 29, 20, 2, 24, 16, 15, 24, 20, 20, 16, 20, 22, 11, 16, 24, 30, 19, 27, 12, 31, 14, 24, 6, 21, 15, 12, 16, 27, 17, 22, 22, 19, 3, 17, 26, 5, 25, 22, 12, 10, 10, 15, 3, 17, 21, 15, 9, 20, 20, 9, 10, 18, 24, 14, 13, 20, 15, 15, 4, 19, 24, 15, 18]

Run 25
Start: 1516456191.73
End: 1516457648.87
Elapsed: 1457.14003181
Scores: [20, 24, 13, 33, 10, 2, 31, 6, 26, 12, 26, 15, 3, 27, 23, 5, 16, 4, 32, 1, 14, 25, 7, 10, 29, 2, 20, 22, 19, 7, 15, 9, 36, 22, 16, 17, 7, 25, 21, 15, 25, 8, 46, 22, 2, 18, 18, 21, 29, 16, 20, 15, 9, 12, 11, 31, 11, 13, 18, 10, 20, 6, 6, 21, 19, 11, 22, 22, 18, 23, 12, 1, 18, 19, 12, 1, 22, 15, 29, 15, 11, 14, 7, 24, 17, 12, 28, 15, 17, 9, 16, 4, 7, 22, 23, 41, 4, 16, 21, 16, 19, 25, 22, 17, 1, 12, 2, 30, 13, 15, 29, 33, 16, 20, 14, 21, 24, 25, 20, 19, 13, 37, 18, 25, 1, 37, 20, 24, 15, 25, 43, 1, 17, 24, 16, 2, 15, 27, 16, 8, 22, 18, 27, 7, 17, 21, 16, 3, 14, 33, 20, 12, 5, 15, 40, 27, 29, 5, 26, 18, 3, 17, 6, 2, 11, 18, 25, 11, 6, 19, 42, 24, 8, 4, 15, 24, 15, 7, 15, 10, 13, 4, 21, 24, 25, 29, 20, 30, 15, 26, 4, 39, 14, 14, 13, 2, 13, 7, 6, 21, 23, 17, 4, 12, 10, 26, 16, 18, 17, 13, 34, 16, 16, 20, 5, 15, 15, 2, 22, 12, 10, 15, 31, 10, 19, 25, 2, 20, 5, 21, 35, 50, 11, 35, 25, 20, 21, 36, 13, 12, 27, 3, 28, 8, 28, 17, 10, 24, 16, 36, 3, 18, 30, 7, 25, 16, 14, 19, 13, 20, 13, 4, 15, 15, 26, 14, 26, 17, 25, 3, 6, 11, 15, 2, 22, 26, 10, 15, 43, 23, 2, 7, 31, 15, 20, 24, 7, 36, 17, 6, 9, 20, 5, 20, 30, 7, 31, 18, 25, 15, 18, 4, 14, 5, 18, 10, 16, 26, 33, 18, 25, 17, 27, 27, 17, 10, 20, 15, 27, 27, 12, 15, 19, 1, 17, 20, 9, 30, 1, 19, 30, 18, 8, 10, 22, 27, 20, 17, 31, 24, 23, 27, 3, 5, 6, 15, 6, 11, 11, 3, 31, 15, 8, 28, 26, 30, 21, 5, 16, 10, 3, 29, 25, 26, 11, 3, 16, 15, 18, 11, 11, 14, 14, 19, 38, 32, 17, 14, 17, 7, 31, 27, 5, 18, 17, 18, 40, 13, 14, 23, 26, 6, 46, 19, 6, 9, 37, 18, 27, 30, 26, 24, 17, 4, 16, 36, 16, 8, 11, 14, 25, 13, 8, 17, 16, 24, 19, 12, 16, 15, 22, 16, 17, 14, 12, 30, 23, 29, 13, 7, 20, 4, 2, 28, 25, 25, 11, 1, 15, 12, 17, 11, 13, 18, 21, 17, 4, 21, 16, 46, 33, 8, 11, 17, 15, 26, 6, 4, 15, 15, 7, 13, 47, 1, 19, 19, 21, 15, 7, 21, 13, 14, 2, 7, 12, 15, 20, 17, 11, 20, 17, 11, 8, 24, 17, 21, 11, 9, 23, 18, 4, 8, 6, 16, 13, 26, 14, 9, 4, 12]

Run 20
Start: 1516456068.06
End: 1516457758.4
Elapsed: 1690.339432
Scores: [41, 26, 26, 35, 6, 34, 31, 29, 23, 19, 30, 30, 11, 27, 22, 7, 31, 8, 22, 16, 40, 24, 34, 33, 12, 6, 36, 12, 26, 11, 20, 33, 24, 17, 34, 32, 24, 27, 27, 5, 34, 39, 36, 30, 25, 22, 14, 30, 9, 13, 1, 18, 21, 10, 24, 23, 20, 36, 21, 29, 35, 34, 28, 36, 35, 38, 23, 32, 34, 15, 19, 9, 21, 34, 32, 29, 23, 31, 27, 9, 34, 31, 7, 21, 13, 1, 20, 11, 30, 40, 41, 38, 31, 24, 1, 1, 6, 12, 19, 23, 24, 35, 10, 40, 10, 26, 40, 14, 37, 44, 46, 28, 16, 23, 38, 10, 37, 2, 38, 25, 36, 22, 41, 16, 33, 37, 28, 11, 9, 35, 14, 32, 36, 45, 34, 13, 22, 4, 31, 11, 37, 18, 34, 4, 39, 28, 22, 3, 9, 5, 24, 27, 27, 9, 16, 22, 39, 28, 16, 2, 9, 33, 25, 24, 24, 4, 19, 10, 33, 35, 17, 8, 8, 24, 27, 11, 36, 35, 10, 17, 36, 35, 7, 3, 1, 23, 31, 18, 25, 25, 23, 16, 21, 36, 44, 23, 22, 36, 9, 30, 43, 23, 9, 28, 28, 17, 30, 33, 28, 31, 6, 12, 40, 18, 29, 26, 7, 37, 25, 18, 34, 40, 26, 24, 25, 11, 11, 22, 19, 27, 22, 35, 31, 34, 31, 1, 28, 36, 9, 18, 19, 1, 13, 38, 29, 6, 9, 31, 33, 22, 26, 25, 20, 14, 15, 30, 31, 27, 34, 3, 21, 21, 2, 27, 8, 20, 23, 4, 34, 8, 20, 7, 10, 17, 15, 41, 29, 22, 10, 4, 26, 30, 3, 2, 29, 25, 4, 24, 34, 22, 32, 34, 12, 37, 19, 33, 8, 14, 33, 20, 1, 30, 36, 25, 21, 2, 34, 40, 16, 1, 33, 26, 13, 8, 10, 22, 39, 2, 35, 30, 4, 9, 22, 6, 18, 37, 37, 19, 28, 29, 29, 38, 37, 33, 4, 36, 16, 33, 15, 11, 19, 22, 15, 24, 41, 28, 4, 37, 28, 29, 24, 23, 4, 28, 34, 33, 43, 16, 34, 18, 36, 14, 8, 35, 38, 37, 36, 11, 25, 30, 40, 18, 20, 17, 43, 2, 22, 27, 11, 2, 14, 17, 35, 7, 15, 30, 9, 18, 29, 33, 1, 3, 16, 25, 20, 42, 19, 34, 22, 32, 36, 30, 33, 2, 11, 11, 38, 30, 25, 16, 21, 22, 5, 2, 19, 31, 29, 8, 20, 32, 35, 33, 25, 14, 37, 22, 30, 25, 13, 4, 9, 20, 9, 42, 26, 30, 22, 26, 10, 19, 9, 11, 38, 28, 32, 27, 33, 11, 14, 16, 9, 30, 27, 35, 17, 17, 30, 32, 41, 5, 14, 25, 19, 37, 17, 36, 26, 19, 8, 31, 2, 36, 38, 10, 15, 14, 4, 35, 43, 36, 35, 32, 33, 28, 35, 16, 5, 47, 34, 36, 16, 33, 31, 13, 23, 15, 5, 36, 18, 36]

Run 16
Start: 1516457190.84
End: 1516458036.0
Elapsed: 845.160323858
Scores: [3, 7, 14, 5, 10, 4, 13, 8, 7, 10, 14, 10, 5, 12, 4, 13, 5, 3, 5, 6, 8, 8, 15, 10, 9, 9, 8, 13, 12, 8, 4, 5, 2, 5, 6, 5, 3, 10, 12, 8, 13, 7, 6, 9, 3, 18, 18, 13, 10, 16, 14, 14, 6, 7, 11, 7, 2, 18, 1, 11, 11, 9, 3, 12, 2, 3, 6, 13, 7, 2, 9, 13, 7, 5, 17, 14, 1, 3, 13, 10, 4, 13, 15, 11, 1, 9, 2, 1, 9, 4, 3, 5, 5, 3, 12, 5, 10, 15, 13, 12, 2, 11, 2, 8, 9, 3, 13, 2, 4, 3, 5, 6, 3, 15, 13, 7, 8, 11, 7, 3, 9, 7, 20, 6, 3, 7, 10, 6, 3, 7, 13, 6, 4, 1, 11, 5, 4, 1, 11, 8, 6, 9, 1, 15, 11, 4, 16, 2, 14, 4, 5, 5, 7, 12, 12, 2, 12, 4, 9, 3, 13, 5, 19, 16, 6, 5, 15, 7, 7, 17, 8, 12, 2, 9, 15, 9, 1, 19, 2, 6, 5, 10, 11, 3, 17, 4, 2, 4, 24, 8, 10, 4, 6, 2, 11, 13, 4, 1, 8, 1, 9, 12, 8, 2, 15, 8, 16, 9, 10, 15, 6, 8, 2, 7, 24, 12, 7, 3, 16, 6, 4, 8, 2, 2, 12, 1, 5, 9, 22, 4, 11, 9, 12, 9, 16, 6, 1, 10, 3, 12, 19, 13, 1, 7, 6, 7, 10, 8, 1, 17, 1, 8, 9, 4, 8, 15, 9, 19, 3, 10, 5, 9, 1, 3, 7, 8, 15, 16, 5, 21, 11, 3, 15, 2, 7, 5, 8, 2, 8, 5, 3, 2, 1, 14, 13, 20, 3, 3, 18, 19, 7, 2, 5, 1, 11, 5, 17, 10, 15, 7, 4, 16, 7, 5, 13, 14, 14, 3, 4, 5, 16, 9, 9, 7, 2, 2, 4, 2, 2, 4, 6, 2, 10, 2, 2, 20, 11, 13, 7, 10, 7, 5, 1, 9, 8, 5, 4, 4, 11, 3, 5, 9, 9, 5, 8, 6, 4, 24, 5, 4, 8, 5, 11, 13, 10, 5, 2, 2, 20, 9, 5, 5, 16, 3, 3, 6, 3, 9, 8, 2, 16, 12, 4, 13, 10, 3, 3, 2, 6, 1, 15, 6, 6, 3, 11, 14, 10, 8, 12, 3, 10, 8, 4, 6, 5, 2, 9, 7, 1, 5, 2, 11, 8, 2, 11, 8, 19, 5, 3, 14, 3, 9, 4, 16, 1, 4, 3, 16, 14, 11, 2, 1, 9, 8, 2, 7, 10, 8, 4, 5, 4, 6, 2, 6, 12, 16, 11, 16, 21, 1, 3, 2, 7, 2, 11, 7, 7, 4, 7, 19, 13, 3, 14, 6, 7, 23, 3, 9, 26, 3, 2, 6, 12, 4, 12, 8, 7, 7, 11, 7, 6, 13, 12, 6, 1, 4, 5, 4, 4, 4, 4, 6, 9, 7, 17, 6, 2, 6, 8, 3, 11, 11, 4, 3, 6, 5, 7, 6, 6, 5]

Run 1
Start: 1516456399.71
End: 1516458142.25
Elapsed: 1742.53401303
Scores: [33, 25, 24, 20, 17, 19, 15, 29, 18, 13, 34, 27, 34, 18, 20, 16, 24, 24, 24, 30, 33, 28, 21, 27, 23, 10, 25, 21, 15, 23, 9, 16, 21, 17, 24, 20, 25, 22, 25, 18, 23, 30, 11, 22, 36, 11, 24, 21, 26, 40, 20, 26, 18, 9, 28, 35, 23, 31, 22, 25, 24, 29, 12, 24, 29, 15, 30, 26, 25, 25, 28, 23, 22, 23, 9, 20, 20, 24, 22, 26, 27, 29, 21, 16, 18, 29, 17, 19, 4, 26, 16, 30, 16, 17, 29, 22, 27, 18, 36, 31, 17, 28, 23, 30, 21, 13, 19, 2, 23, 10, 29, 21, 19, 27, 30, 21, 25, 14, 21, 11, 33, 11, 19, 21, 17, 29, 18, 22, 20, 27, 17, 26, 30, 25, 25, 34, 27, 23, 27, 28, 9, 16, 38, 21, 13, 29, 13, 27, 23, 16, 21, 12, 17, 30, 21, 19, 23, 17, 29, 26, 23, 19, 21, 7, 25, 21, 3, 34, 3, 25, 23, 6, 22, 20, 21, 28, 23, 30, 35, 22, 23, 31, 4, 32, 11, 25, 14, 23, 2, 19, 25, 30, 15, 20, 22, 23, 27, 25, 15, 6, 14, 35, 26, 20, 24, 15, 30, 7, 19, 3, 12, 26, 25, 17, 18, 19, 33, 36, 33, 21, 14, 17, 20, 20, 20, 25, 22, 15, 36, 31, 26, 23, 25, 20, 24, 11, 10, 17, 2, 26, 24, 11, 27, 23, 33, 34, 14, 22, 20, 22, 24, 35, 27, 22, 20, 24, 10, 19, 18, 7, 23, 15, 16, 35, 25, 7, 19, 23, 21, 28, 20, 22, 10, 27, 21, 25, 27, 18, 19, 2, 19, 11, 8, 19, 18, 27, 21, 26, 13, 21, 24, 28, 13, 21, 23, 15, 17, 25, 30, 25, 2, 20, 28, 18, 22, 30, 20, 20, 17, 22, 32, 24, 27, 9, 17, 10, 29, 21, 31, 21, 16, 23, 27, 27, 23, 17, 20, 21, 22, 24, 4, 19, 17, 22, 13, 16, 32, 15, 15, 15, 20, 21, 21, 3, 18, 18, 23, 23, 16, 10, 16, 9, 33, 20, 29, 33, 13, 21, 19, 33, 27, 27, 10, 20, 37, 19, 15, 20, 19, 7, 9, 15, 40, 17, 19, 19, 25, 27, 23, 19, 27, 37, 23, 19, 23, 17, 15, 17, 25, 16, 11, 18, 20, 5, 20, 25, 16, 20, 19, 11, 22, 27, 26, 20, 16, 23, 26, 26, 23, 18, 20, 22, 19, 9, 8, 27, 20, 28, 26, 21, 29, 18, 26, 20, 34, 17, 19, 26, 40, 18, 16, 16, 21, 20, 23, 13, 17, 27, 22, 26, 17, 9, 4, 19, 27, 18, 23, 22, 20, 22, 17, 22, 9, 7, 11, 16, 17, 26, 29, 19, 20, 2, 26, 19, 19, 29, 31, 17, 23, 17, 14, 25, 14, 16, 6, 4, 30, 8, 37, 16, 22, 23, 21, 20, 3, 22, 11, 8, 25, 23, 16, 32, 21, 19, 23, 20, 17, 31, 24, 28]

Run 11
Start: 1516456604.29
End: 1516458248.33
Elapsed: 1644.04611707
Scores: [33, 31, 10, 23, 31, 21, 16, 27, 36, 8, 31, 23, 9, 27, 32, 24, 26, 36, 12, 17, 12, 11, 1, 15, 16, 2, 39, 27, 21, 17, 8, 8, 4, 22, 21, 31, 19, 34, 25, 26, 19, 40, 32, 11, 27, 33, 17, 1, 12, 3, 17, 15, 17, 16, 13, 22, 12, 27, 20, 35, 23, 15, 5, 5, 21, 17, 4, 20, 25, 26, 20, 15, 30, 30, 22, 30, 21, 26, 11, 28, 21, 29, 28, 29, 23, 18, 9, 31, 34, 26, 25, 29, 21, 13, 25, 10, 28, 39, 33, 29, 29, 10, 14, 25, 32, 30, 17, 17, 32, 14, 1, 24, 16, 23, 26, 26, 18, 16, 4, 20, 39, 14, 26, 4, 25, 10, 39, 35, 12, 14, 33, 20, 9, 20, 11, 31, 27, 32, 8, 26, 9, 31, 22, 26, 5, 27, 19, 27, 33, 28, 24, 13, 19, 23, 14, 34, 26, 21, 23, 21, 26, 27, 22, 14, 12, 12, 4, 1, 19, 16, 26, 29, 21, 33, 20, 26, 25, 23, 11, 18, 17, 21, 18, 13, 36, 25, 16, 13, 27, 26, 30, 28, 30, 26, 18, 26, 24, 4, 17, 15, 2, 23, 26, 4, 27, 1, 23, 4, 22, 1, 26, 3, 34, 3, 19, 28, 27, 25, 8, 33, 30, 31, 26, 32, 16, 32, 18, 2, 2, 9, 32, 26, 23, 19, 13, 19, 23, 35, 13, 14, 26, 7, 2, 28, 33, 23, 24, 5, 31, 27, 6, 15, 16, 1, 21, 19, 17, 19, 8, 26, 7, 23, 26, 13, 12, 1, 22, 29, 29, 21, 20, 22, 31, 22, 34, 18, 29, 14, 5, 24, 40, 4, 18, 11, 1, 37, 22, 30, 17, 23, 12, 8, 31, 17, 27, 28, 26, 25, 39, 23, 25, 14, 35, 8, 19, 20, 27, 2, 7, 27, 25, 16, 18, 34, 25, 33, 23, 14, 29, 28, 13, 13, 15, 29, 35, 28, 29, 7, 6, 38, 12, 20, 29, 35, 6, 9, 1, 1, 10, 18, 15, 24, 19, 13, 36, 34, 1, 34, 16, 7, 29, 18, 23, 31, 22, 14, 30, 25, 19, 31, 35, 6, 29, 16, 7, 11, 31, 6, 12, 26, 3, 1, 20, 18, 21, 16, 27, 33, 27, 28, 3, 23, 1, 8, 19, 30, 29, 27, 15, 1, 9, 27, 29, 28, 11, 22, 22, 5, 22, 30, 21, 13, 7, 14, 28, 23, 28, 19, 29, 16, 4, 21, 25, 10, 31, 42, 16, 16, 21, 21, 11, 14, 27, 32, 18, 26, 24, 34, 32, 14, 5, 30, 25, 29, 12, 24, 10, 7, 32, 4, 25, 14, 23, 35, 30, 23, 27, 8, 32, 32, 10, 28, 13, 25, 25, 20, 27, 29, 20, 29, 24, 28, 10, 28, 30, 26, 25, 36, 34, 28, 5, 8, 11, 27, 29, 20, 20, 34, 23, 9, 23, 19, 3, 20, 28, 33, 10, 9, 7, 24, 22, 15, 28, 24, 16, 29, 3, 11, 27, 17]

Run 6
Start: 1516456641.06
End: 1516458360.12
Elapsed: 1719.05310106
Scores: [27, 25, 19, 33, 23, 28, 22, 30, 17, 24, 26, 26, 30, 24, 25, 20, 30, 2, 21, 27, 43, 25, 20, 33, 27, 35, 31, 1, 39, 28, 7, 27, 16, 33, 13, 17, 38, 29, 28, 35, 15, 21, 33, 26, 16, 19, 41, 15, 4, 23, 31, 21, 32, 27, 35, 22, 33, 17, 20, 18, 22, 28, 30, 31, 37, 10, 19, 35, 25, 28, 36, 22, 28, 32, 28, 28, 20, 25, 33, 30, 14, 28, 37, 25, 21, 29, 29, 28, 30, 20, 28, 23, 16, 10, 30, 25, 24, 28, 22, 28, 38, 20, 20, 33, 29, 15, 3, 26, 3, 22, 26, 27, 30, 32, 34, 16, 24, 30, 21, 22, 26, 24, 38, 25, 29, 20, 28, 17, 17, 33, 24, 24, 19, 14, 20, 26, 22, 23, 33, 22, 27, 26, 1, 20, 35, 31, 21, 30, 17, 34, 20, 12, 30, 25, 29, 30, 33, 1, 17, 6, 27, 17, 40, 26, 34, 28, 20, 33, 25, 26, 18, 24, 36, 34, 30, 28, 35, 36, 36, 23, 6, 31, 24, 38, 18, 5, 36, 37, 29, 28, 12, 33, 27, 24, 33, 26, 22, 18, 28, 18, 37, 4, 23, 34, 22, 38, 21, 30, 20, 28, 43, 22, 30, 26, 29, 18, 23, 32, 30, 30, 26, 17, 30, 30, 15, 26, 17, 35, 2, 34, 25, 4, 33, 36, 32, 25, 26, 40, 28, 30, 20, 19, 26, 23, 15, 28, 36, 25, 18, 22, 34, 30, 40, 30, 25, 35, 24, 13, 18, 25, 28, 38, 30, 12, 29, 29, 31, 23, 29, 28, 25, 30, 12, 32, 14, 30, 32, 26, 21, 34, 39, 32, 28, 22, 28, 26, 28, 17, 1, 28, 26, 20, 28, 32, 2, 37, 5, 39, 24, 13, 26, 25, 22, 2, 28, 21, 30, 40, 26, 28, 22, 32, 2, 33, 27, 32, 16, 26, 23, 1, 9, 33, 27, 1, 29, 34, 27, 29, 33, 15, 28, 21, 39, 15, 31, 25, 29, 11, 27, 23, 29, 17, 29, 26, 30, 31, 7, 30, 20, 22, 21, 23, 25, 14, 16, 31, 33, 26, 35, 35, 26, 18, 25, 18, 19, 37, 27, 18, 26, 22, 21, 32, 28, 26, 14, 28, 34, 36, 37, 32, 33, 31, 30, 32, 11, 26, 20, 27, 32, 23, 21, 18, 9, 26, 33, 34, 26, 34, 36, 35, 16, 31, 27, 28, 5, 31, 33, 32, 29, 26, 32, 17, 29, 26, 30, 24, 29, 18, 18, 26, 27, 31, 37, 1, 28, 31, 29, 28, 22, 30, 20, 27, 19, 27, 32, 24, 33, 30, 32, 30, 31, 33, 22, 20, 41, 24, 27, 29, 32, 35, 25, 26, 27, 28, 31, 28, 20, 22, 17, 26, 25, 26, 34, 22, 30, 39, 27, 34, 25, 25, 1, 21, 28, 33, 37, 32, 36, 35, 25, 21, 24, 31, 25, 18, 15, 20, 12, 25, 35, 21, 19, 31, 18, 29, 33, 38, 25, 13, 33, 17]

Run 21
Start: 1516457760.38
End: 1516458962.21
Elapsed: 1201.82557416
Scores: [7, 4, 5, 17, 7, 17, 12, 12, 10, 5, 10, 12, 11, 1, 8, 14, 14, 1, 6, 4, 14, 7, 11, 10, 7, 7, 8, 3, 9, 11, 14, 2, 14, 22, 11, 8, 7, 2, 5, 5, 14, 6, 1, 16, 8, 16, 11, 1, 10, 8, 10, 14, 7, 10, 3, 16, 10, 17, 10, 10, 18, 9, 10, 7, 7, 5, 11, 9, 1, 2, 10, 8, 21, 5, 6, 1, 19, 9, 1, 11, 10, 24, 3, 16, 13, 1, 6, 15, 6, 11, 8, 4, 6, 18, 19, 4, 14, 11, 14, 6, 14, 2, 5, 1, 15, 17, 10, 18, 13, 8, 15, 12, 17, 16, 7, 1, 1, 4, 2, 2, 5, 8, 14, 4, 13, 8, 9, 5, 8, 11, 12, 6, 5, 19, 1, 7, 13, 5, 13, 13, 12, 2, 14, 3, 9, 7, 7, 4, 10, 11, 4, 10, 7, 12, 9, 3, 3, 6, 4, 1, 13, 14, 3, 2, 9, 5, 8, 12, 11, 5, 10, 5, 8, 6, 9, 12, 13, 3, 6, 11, 5, 12, 10, 3, 8, 8, 9, 5, 6, 5, 8, 17, 6, 6, 11, 7, 7, 11, 16, 8, 10, 3, 7, 12, 10, 12, 10, 19, 8, 11, 8, 10, 4, 14, 11, 8, 6, 1, 12, 10, 9, 14, 7, 11, 1, 10, 10, 7, 18, 1, 3, 13, 3, 16, 3, 1, 6, 5, 22, 8, 7, 8, 12, 9, 3, 13, 12, 12, 3, 1, 21, 10, 9, 17, 13, 15, 10, 6, 6, 3, 8, 6, 13, 12, 12, 3, 9, 7, 2, 1, 14, 12, 1, 5, 4, 14, 18, 4, 12, 11, 8, 12, 1, 6, 4, 14, 12, 13, 12, 5, 15, 5, 6, 12, 6, 13, 19, 10, 9, 8, 10, 14, 10, 7, 12, 9, 13, 7, 2, 14, 1, 6, 3, 16, 3, 14, 5, 8, 6, 3, 1, 6, 10, 1, 8, 2, 6, 5, 6, 17, 2, 6, 18, 11, 11, 8, 12, 8, 14, 12, 13, 7, 10, 12, 12, 7, 1, 1, 12, 22, 6, 10, 10, 10, 1, 11, 8, 2, 12, 10, 6, 6, 6, 4, 3, 14, 2, 4, 15, 10, 13, 19, 7, 5, 13, 3, 10, 12, 9, 9, 3, 7, 1, 1, 3, 8, 6, 15, 10, 2, 20, 10, 8, 5, 14, 15, 4, 6, 15, 10, 6, 5, 15, 1, 11, 15, 5, 11, 3, 3, 4, 6, 5, 2, 13, 7, 4, 8, 1, 17, 4, 4, 15, 6, 9, 2, 10, 12, 3, 10, 10, 8, 12, 4, 9, 10, 9, 9, 9, 1, 3, 19, 8, 8, 4, 1, 5, 15, 11, 7, 15, 10, 3, 7, 2, 8, 13, 8, 10, 7, 16, 15, 13, 7, 1, 6, 7, 14, 2, 14, 10, 10, 10, 7, 3, 9, 5, 10, 9, 4, 6, 13, 12, 13, 1, 11, 18, 6, 12, 3, 2, 12, 6, 13, 11, 10, 6, 7, 16, 15]

Run 26
Start: 1516457650.5
End: 1516459056.76
Elapsed: 1406.25237012
Scores: [17, 15, 3, 28, 21, 17, 9, 26, 21, 16, 14, 20, 17, 20, 29, 27, 16, 13, 2, 9, 26, 2, 17, 23, 27, 16, 15, 10, 30, 19, 6, 18, 15, 16, 18, 15, 17, 22, 20, 27, 22, 20, 27, 36, 6, 5, 22, 24, 18, 15, 23, 16, 22, 37, 13, 10, 18, 3, 24, 18, 5, 5, 15, 19, 5, 13, 19, 21, 26, 28, 31, 20, 17, 5, 22, 16, 20, 25, 23, 21, 14, 25, 22, 17, 23, 22, 24, 23, 1, 3, 21, 21, 17, 14, 11, 7, 16, 30, 16, 21, 2, 22, 21, 23, 3, 28, 4, 15, 8, 18, 4, 22, 21, 11, 22, 9, 24, 16, 32, 7, 5, 16, 25, 28, 19, 24, 18, 24, 23, 25, 4, 21, 21, 19, 16, 6, 19, 5, 7, 25, 27, 7, 21, 14, 21, 5, 16, 19, 17, 23, 22, 13, 30, 22, 19, 19, 28, 29, 16, 12, 23, 19, 22, 11, 22, 15, 22, 16, 15, 18, 16, 15, 21, 7, 27, 15, 24, 4, 32, 21, 28, 4, 16, 23, 13, 33, 22, 17, 16, 2, 21, 19, 18, 31, 12, 21, 20, 32, 30, 14, 4, 13, 15, 6, 23, 22, 21, 11, 10, 20, 19, 22, 16, 14, 19, 24, 14, 20, 23, 19, 25, 27, 31, 23, 17, 18, 18, 15, 5, 14, 18, 34, 3, 13, 26, 26, 14, 7, 24, 20, 19, 34, 24, 17, 22, 25, 23, 21, 18, 14, 5, 15, 22, 23, 3, 19, 23, 15, 15, 6, 16, 25, 11, 8, 39, 17, 11, 22, 18, 17, 5, 19, 18, 21, 4, 31, 17, 13, 19, 35, 16, 29, 23, 3, 14, 24, 20, 6, 26, 5, 18, 19, 16, 14, 22, 14, 8, 10, 26, 6, 24, 24, 16, 23, 20, 15, 9, 30, 22, 21, 10, 21, 37, 28, 7, 18, 28, 11, 14, 17, 18, 18, 15, 15, 19, 17, 8, 28, 21, 31, 8, 26, 11, 6, 28, 23, 24, 24, 19, 27, 18, 4, 4, 16, 22, 18, 30, 26, 22, 20, 4, 31, 22, 16, 22, 10, 36, 15, 3, 11, 17, 26, 15, 29, 24, 20, 2, 16, 20, 30, 28, 4, 34, 24, 25, 28, 27, 9, 25, 19, 14, 23, 15, 22, 21, 19, 19, 19, 17, 26, 17, 27, 3, 25, 16, 7, 21, 16, 13, 18, 15, 20, 24, 18, 6, 2, 20, 27, 12, 27, 14, 17, 24, 18, 30, 15, 32, 19, 13, 17, 35, 5, 21, 18, 13, 16, 11, 13, 14, 17, 24, 24, 32, 12, 8, 7, 5, 17, 31, 26, 24, 21, 3, 24, 8, 19, 6, 24, 20, 25, 28, 29, 12, 18, 17, 29, 20, 20, 5, 19, 29, 13, 6, 17, 17, 16, 13, 33, 10, 23, 27, 19, 25, 24, 11, 20, 9, 2, 1, 18, 17, 19, 21, 23, 16, 19, 15, 19, 18, 17, 13, 18, 1, 9, 9, 17, 21, 16, 15, 27]

Run 17
Start: 1516458036.53
End: 1516459377.8
Elapsed: 1341.26521707
Scores: [32, 16, 30, 1, 25, 24, 34, 26, 4, 4, 24, 25, 33, 35, 21, 15, 20, 26, 3, 37, 2, 19, 40, 32, 12, 6, 24, 11, 27, 31, 24, 30, 31, 6, 27, 25, 30, 21, 18, 30, 21, 6, 12, 22, 30, 10, 15, 6, 32, 35, 4, 33, 28, 28, 28, 10, 15, 1, 32, 5, 4, 36, 16, 23, 4, 5, 4, 28, 36, 14, 29, 11, 27, 24, 22, 22, 21, 22, 19, 1, 6, 29, 32, 11, 32, 23, 24, 6, 2, 28, 21, 16, 34, 6, 5, 28, 7, 14, 24, 20, 33, 31, 16, 10, 7, 7, 27, 7, 31, 2, 6, 17, 16, 26, 1, 3, 27, 6, 31, 28, 21, 9, 30, 21, 29, 5, 10, 24, 21, 29, 22, 4, 13, 15, 36, 30, 16, 33, 16, 33, 11, 35, 32, 28, 17, 12, 28, 24, 12, 8, 32, 27, 22, 2, 33, 25, 10, 5, 20, 12, 5, 8, 24, 24, 4, 16, 32, 44, 12, 16, 21, 34, 17, 8, 32, 26, 39, 6, 27, 6, 7, 33, 32, 22, 24, 7, 32, 26, 26, 31, 1, 3, 17, 28, 28, 32, 28, 4, 40, 33, 6, 25, 25, 10, 10, 23, 30, 28, 21, 36, 2, 17, 22, 7, 10, 10, 18, 24, 32, 28, 18, 29, 18, 12, 29, 2, 27, 23, 12, 6, 4, 19, 1, 19, 10, 27, 18, 30, 22, 11, 5, 13, 19, 8, 13, 28, 23, 12, 25, 6, 17, 19, 24, 4, 25, 28, 29, 35, 31, 15, 35, 10, 5, 28, 17, 27, 27, 20, 9, 2, 19, 33, 27, 20, 13, 35, 28, 16, 3, 36, 11, 33, 26, 19, 32, 26, 5, 20, 25, 17, 15, 26, 22, 28, 23, 26, 25, 25, 18, 26, 31, 37, 28, 29, 13, 7, 19, 30, 3, 16, 23, 16, 30, 5, 34, 10, 38, 31, 9, 30, 21, 27, 36, 24, 28, 10, 19, 36, 30, 27, 17, 33, 13, 28, 9, 26, 11, 32, 20, 7, 29, 19, 6, 18, 12, 22, 43, 11, 18, 19, 31, 27, 22, 16, 25, 28, 18, 22, 21, 23, 23, 18, 16, 5, 26, 16, 22, 18, 33, 28, 19, 30, 35, 23, 11, 25, 19, 17, 8, 27, 5, 23, 27, 19, 26, 3, 33, 9, 23, 24, 32, 9, 25, 22, 16, 25, 20, 14, 28, 27, 20, 33, 37, 27, 18, 12, 31, 1, 2, 11, 19, 36, 41, 27, 24, 1, 11, 8, 24, 32, 27, 30, 8, 20, 29, 30, 29, 19, 31, 21, 10, 26, 7, 29, 30, 22, 17, 12, 27, 23, 16, 26, 32, 12, 31, 19, 32, 28, 24, 31, 35, 8, 27, 26, 23, 28, 10, 24, 32, 19, 22, 6, 24, 4, 25, 15, 24, 28, 25, 1, 1, 12, 41, 10, 7, 12, 18, 30, 24, 26, 23, 22, 3, 15, 40, 18, 26, 35, 7, 25, 27, 34, 26, 29, 24, 1, 14, 7, 9, 31]

Run 7
Start: 1516458362.61
End: 1516459449.01
Elapsed: 1086.40184903
Scores: [12, 16, 25, 30, 16, 24, 14, 20, 18, 4, 18, 7, 15, 7, 1, 17, 24, 4, 15, 8, 18, 16, 27, 21, 3, 35, 17, 8, 17, 10, 20, 30, 18, 23, 2, 14, 14, 12, 10, 20, 19, 11, 15, 20, 1, 11, 10, 19, 23, 13, 13, 15, 16, 22, 11, 9, 5, 4, 32, 26, 11, 26, 15, 6, 11, 19, 4, 29, 25, 7, 27, 10, 22, 14, 23, 17, 12, 1, 4, 21, 21, 9, 7, 15, 29, 45, 13, 16, 4, 3, 27, 9, 17, 17, 15, 18, 12, 20, 15, 22, 24, 3, 19, 8, 6, 10, 12, 5, 12, 19, 16, 9, 3, 14, 33, 22, 20, 17, 7, 23, 22, 9, 17, 14, 22, 4, 18, 9, 29, 17, 17, 5, 3, 20, 7, 16, 18, 17, 13, 20, 21, 17, 16, 13, 27, 28, 27, 15, 2, 22, 11, 15, 2, 11, 20, 12, 5, 6, 32, 12, 30, 20, 11, 21, 23, 32, 13, 26, 8, 16, 22, 1, 16, 9, 14, 13, 22, 25, 21, 22, 13, 16, 24, 21, 19, 14, 18, 12, 13, 2, 7, 18, 2, 23, 20, 13, 17, 17, 30, 7, 13, 11, 11, 22, 25, 13, 18, 24, 17, 1, 12, 24, 18, 17, 17, 10, 5, 26, 22, 16, 29, 18, 12, 3, 12, 2, 8, 26, 15, 8, 11, 25, 19, 13, 13, 19, 7, 29, 30, 12, 2, 2, 25, 7, 5, 3, 19, 13, 28, 6, 2, 9, 23, 21, 20, 21, 4, 13, 21, 6, 1, 1, 25, 22, 29, 25, 19, 13, 2, 15, 15, 25, 26, 9, 10, 20, 14, 4, 6, 8, 4, 4, 21, 17, 3, 22, 13, 6, 2, 16, 1, 21, 1, 7, 8, 2, 14, 14, 14, 33, 20, 15, 27, 12, 19, 20, 25, 6, 13, 23, 3, 19, 24, 23, 1, 22, 19, 28, 25, 11, 19, 17, 6, 23, 5, 34, 21, 25, 19, 14, 24, 22, 12, 16, 20, 16, 13, 30, 34, 14, 5, 18, 6, 1, 17, 29, 5, 11, 13, 13, 19, 9, 9, 24, 1, 15, 17, 7, 18, 1, 21, 21, 16, 22, 3, 27, 13, 23, 19, 15, 17, 2, 21, 4, 20, 17, 8, 23, 15, 22, 2, 1, 13, 16, 21, 15, 12, 9, 4, 22, 23, 13, 12, 11, 3, 8, 27, 23, 19, 19, 17, 3, 16, 19, 18, 15, 16, 6, 6, 19, 16, 26, 10, 25, 7, 17, 20, 17, 14, 21, 9, 21, 32, 19, 12, 9, 23, 33, 13, 13, 21, 4, 25, 16, 13, 1, 19, 19, 26, 16, 23, 6, 25, 7, 37, 19, 7, 20, 16, 14, 3, 10, 18, 15, 13, 12, 9, 12, 16, 28, 11, 3, 18, 12, 18, 7, 4, 12, 15, 16, 24, 28, 18, 21, 11, 15, 18, 22, 15, 19, 16, 24, 6, 21, 18, 27, 7, 5, 20, 12, 17, 1, 16, 24, 26, 3, 6, 14, 12, 4]

Run 2
Start: 1516458144.24
End: 1516459675.0
Elapsed: 1530.76387405
Scores: [21, 21, 20, 20, 34, 17, 15, 25, 6, 4, 17, 26, 1, 33, 17, 16, 20, 20, 20, 18, 32, 16, 34, 20, 23, 15, 26, 31, 10, 21, 15, 28, 19, 24, 18, 3, 11, 32, 24, 29, 22, 12, 27, 12, 21, 3, 30, 16, 38, 29, 9, 24, 14, 28, 5, 16, 36, 17, 27, 13, 5, 17, 20, 18, 17, 14, 15, 24, 17, 15, 16, 22, 19, 16, 16, 12, 15, 21, 7, 22, 30, 31, 20, 23, 5, 28, 8, 25, 23, 18, 26, 15, 20, 25, 18, 26, 6, 7, 19, 19, 19, 12, 14, 24, 28, 25, 22, 20, 17, 11, 21, 16, 24, 22, 16, 19, 19, 23, 16, 19, 16, 19, 18, 15, 22, 1, 12, 27, 31, 16, 13, 17, 15, 22, 10, 25, 16, 1, 24, 27, 14, 16, 20, 8, 1, 7, 24, 20, 13, 33, 17, 19, 11, 5, 21, 24, 23, 18, 23, 21, 19, 29, 31, 26, 17, 25, 35, 19, 26, 30, 8, 7, 16, 32, 23, 12, 19, 23, 17, 19, 25, 17, 17, 19, 27, 21, 8, 17, 15, 20, 6, 17, 14, 17, 23, 24, 20, 22, 12, 26, 21, 16, 17, 21, 30, 16, 30, 12, 1, 16, 18, 24, 4, 32, 22, 19, 25, 17, 26, 11, 24, 14, 32, 9, 27, 4, 20, 1, 15, 23, 19, 26, 25, 23, 6, 19, 22, 16, 12, 20, 4, 30, 21, 10, 2, 26, 5, 19, 19, 24, 14, 19, 13, 11, 11, 12, 22, 17, 23, 6, 19, 5, 25, 22, 15, 12, 27, 16, 19, 18, 25, 22, 9, 16, 18, 21, 2, 20, 31, 21, 19, 30, 23, 24, 12, 21, 22, 23, 7, 21, 19, 23, 16, 21, 10, 20, 15, 14, 16, 13, 26, 21, 9, 14, 32, 16, 20, 16, 9, 7, 24, 23, 23, 19, 26, 10, 20, 22, 18, 5, 22, 19, 20, 15, 20, 7, 26, 19, 24, 30, 27, 17, 2, 21, 24, 23, 1, 19, 21, 16, 9, 23, 15, 23, 20, 23, 19, 27, 3, 28, 8, 20, 20, 25, 20, 24, 17, 29, 20, 26, 31, 16, 39, 18, 27, 28, 23, 23, 20, 27, 21, 25, 6, 3, 28, 28, 18, 9, 13, 18, 17, 20, 19, 9, 27, 16, 25, 24, 20, 2, 16, 20, 20, 22, 18, 36, 4, 34, 17, 4, 21, 21, 4, 9, 21, 3, 24, 21, 22, 8, 23, 21, 28, 7, 21, 13, 16, 23, 24, 25, 13, 7, 17, 16, 21, 25, 25, 23, 4, 19, 18, 4, 3, 22, 20, 1, 17, 17, 10, 30, 20, 22, 8, 19, 37, 20, 28, 1, 10, 5, 30, 33, 19, 9, 18, 7, 15, 16, 20, 17, 21, 22, 29, 8, 24, 11, 16, 19, 22, 27, 19, 10, 19, 22, 23, 6, 17, 12, 21, 15, 31, 2, 17, 35, 27, 24, 30, 16, 18, 16, 20, 21, 19, 18, 24, 21, 20, 25, 15, 16]

Run 22
Start: 1516458963.74
End: 1516459902.36
Elapsed: 938.621057987
Scores: [2, 9, 10, 10, 18, 18, 14, 2, 15, 14, 3, 14, 2, 13, 12, 19, 1, 13, 12, 6, 10, 14, 6, 15, 4, 1, 2, 10, 21, 22, 18, 12, 17, 12, 26, 5, 13, 11, 16, 6, 7, 8, 13, 9, 24, 5, 16, 6, 2, 7, 5, 21, 18, 10, 20, 1, 14, 9, 10, 6, 7, 16, 5, 14, 7, 15, 12, 3, 1, 6, 4, 8, 14, 2, 6, 10, 4, 5, 11, 16, 10, 5, 7, 13, 8, 16, 7, 17, 12, 12, 6, 10, 3, 20, 9, 17, 13, 27, 12, 4, 8, 7, 9, 15, 13, 14, 10, 3, 22, 12, 13, 1, 25, 17, 26, 6, 3, 15, 9, 2, 2, 3, 18, 1, 14, 25, 22, 4, 13, 18, 12, 8, 6, 13, 2, 10, 12, 7, 21, 17, 18, 7, 7, 7, 8, 24, 7, 29, 12, 4, 8, 28, 8, 11, 6, 8, 12, 20, 9, 18, 25, 15, 6, 15, 18, 19, 4, 9, 13, 16, 20, 20, 19, 12, 22, 9, 32, 3, 21, 4, 28, 12, 13, 35, 20, 13, 19, 15, 4, 11, 4, 9, 5, 13, 9, 4, 6, 6, 18, 8, 20, 7, 19, 6, 13, 16, 25, 8, 1, 4, 9, 10, 8, 21, 13, 10, 4, 9, 13, 10, 10, 17, 1, 11, 13, 26, 19, 12, 15, 6, 21, 19, 17, 12, 11, 16, 19, 8, 8, 18, 14, 10, 10, 6, 12, 16, 8, 18, 7, 8, 6, 5, 3, 20, 17, 15, 6, 25, 8, 4, 13, 3, 14, 20, 10, 5, 6, 4, 4, 16, 8, 8, 2, 5, 12, 5, 10, 22, 12, 7, 17, 15, 4, 6, 13, 21, 19, 10, 9, 7, 29, 14, 7, 8, 13, 7, 15, 21, 19, 18, 15, 11, 16, 1, 7, 2, 12, 22, 12, 7, 24, 16, 18, 8, 16, 12, 18, 8, 6, 10, 6, 20, 6, 17, 6, 13, 13, 12, 22, 2, 4, 19, 16, 5, 11, 3, 9, 17, 6, 15, 9, 24, 4, 8, 3, 3, 18, 6, 11, 13, 21, 8, 1, 11, 2, 1, 13, 8, 17, 8, 4, 8, 17, 6, 5, 7, 7, 17, 8, 20, 22, 7, 5, 21, 17, 10, 9, 12, 11, 18, 22, 10, 12, 14, 8, 11, 7, 6, 8, 11, 12, 16, 30, 22, 10, 18, 15, 23, 13, 13, 14, 13, 16, 24, 9, 11, 10, 11, 7, 19, 11, 5, 17, 19, 13, 3, 11, 11, 12, 9, 13, 11, 1, 4, 5, 20, 12, 10, 6, 19, 4, 6, 2, 6, 7, 14, 6, 5, 21, 14, 10, 13, 10, 10, 10, 7, 8, 18, 16, 8, 20, 6, 4, 16, 2, 7, 1, 7, 15, 25, 26, 5, 11, 15, 9, 10, 7, 8, 11, 19, 27, 4, 18, 7, 16, 8, 8, 16, 8, 6, 10, 13, 3, 6, 8, 15, 18, 5, 15, 6, 5, 16, 16, 7, 17, 7, 22, 21, 13, 22]

Run 12
Start: 1516458250.51
End: 1516460031.37
Elapsed: 1780.86319518
Scores: [28, 25, 21, 25, 19, 16, 14, 21, 18, 4, 34, 1, 19, 9, 48, 23, 17, 15, 30, 35, 36, 17, 1, 23, 21, 16, 33, 17, 28, 10, 23, 26, 18, 22, 23, 37, 8, 22, 14, 3, 25, 16, 25, 7, 25, 29, 21, 23, 19, 21, 18, 20, 17, 16, 15, 11, 26, 17, 43, 34, 26, 21, 30, 25, 21, 27, 25, 20, 16, 17, 38, 14, 21, 31, 12, 36, 29, 25, 24, 34, 18, 27, 29, 12, 24, 23, 31, 16, 30, 12, 32, 28, 24, 20, 16, 18, 7, 28, 16, 17, 29, 28, 9, 12, 32, 32, 19, 4, 23, 21, 24, 20, 27, 32, 30, 38, 27, 22, 6, 21, 10, 17, 2, 17, 26, 30, 17, 19, 28, 28, 11, 19, 30, 24, 23, 20, 19, 21, 32, 14, 36, 14, 16, 15, 15, 16, 18, 10, 21, 24, 21, 29, 24, 26, 19, 34, 20, 23, 24, 13, 26, 3, 17, 13, 25, 19, 22, 20, 17, 17, 27, 30, 22, 4, 27, 15, 2, 21, 15, 31, 29, 28, 17, 22, 14, 36, 30, 5, 19, 13, 32, 28, 24, 12, 21, 22, 20, 9, 17, 19, 33, 26, 37, 37, 37, 12, 19, 21, 25, 21, 14, 18, 31, 39, 45, 23, 21, 22, 16, 22, 20, 5, 19, 25, 45, 31, 30, 20, 16, 10, 23, 25, 32, 16, 38, 16, 15, 20, 12, 22, 15, 16, 11, 25, 15, 15, 21, 26, 18, 10, 26, 32, 20, 16, 18, 23, 4, 14, 42, 22, 27, 21, 9, 7, 28, 11, 13, 16, 24, 23, 15, 18, 34, 20, 20, 21, 26, 8, 32, 23, 7, 42, 8, 27, 21, 15, 29, 28, 22, 17, 22, 21, 28, 17, 30, 25, 31, 34, 21, 22, 29, 21, 25, 28, 31, 24, 26, 14, 9, 29, 6, 31, 1, 10, 23, 18, 23, 9, 15, 24, 26, 18, 5, 23, 15, 33, 23, 2, 21, 20, 23, 30, 29, 23, 26, 7, 33, 20, 11, 16, 16, 20, 20, 10, 9, 22, 11, 10, 16, 22, 16, 16, 26, 31, 11, 8, 6, 24, 19, 17, 24, 20, 16, 18, 38, 18, 21, 27, 32, 35, 8, 9, 24, 30, 36, 13, 17, 29, 22, 18, 29, 14, 25, 13, 19, 16, 35, 22, 20, 27, 31, 9, 17, 20, 8, 9, 27, 21, 16, 17, 5, 41, 20, 19, 24, 16, 26, 18, 25, 18, 25, 31, 19, 41, 27, 10, 18, 10, 28, 22, 29, 20, 17, 3, 16, 27, 25, 37, 25, 17, 21, 26, 25, 16, 18, 26, 14, 34, 14, 3, 26, 19, 18, 8, 30, 1, 15, 27, 17, 36, 19, 24, 29, 20, 21, 16, 9, 17, 21, 16, 29, 31, 33, 16, 17, 28, 19, 41, 24, 20, 15, 23, 20, 29, 20, 17, 6, 26, 28, 20, 10, 18, 37, 17, 27, 16, 16, 26, 7, 26, 22, 17, 19, 18, 17, 21, 3, 12, 14, 18]

Run 18
Start: 1516459379.29
End: 1516460911.14
Elapsed: 1531.85719299
Scores: [30, 22, 30, 9, 20, 23, 32, 12, 23, 27, 24, 24, 32, 2, 5, 34, 2, 19, 19, 24, 24, 4, 25, 23, 13, 29, 8, 18, 27, 26, 26, 19, 14, 25, 32, 20, 6, 8, 11, 12, 19, 21, 31, 23, 28, 11, 3, 26, 14, 34, 28, 24, 12, 27, 22, 27, 32, 22, 17, 19, 16, 13, 24, 30, 27, 22, 24, 29, 22, 20, 25, 23, 25, 34, 21, 31, 24, 32, 26, 17, 29, 26, 15, 29, 19, 24, 31, 22, 31, 31, 29, 25, 15, 16, 28, 19, 21, 30, 27, 17, 19, 26, 34, 21, 27, 24, 11, 22, 12, 33, 4, 20, 30, 28, 6, 16, 28, 28, 12, 31, 37, 27, 4, 5, 13, 26, 21, 26, 21, 22, 30, 11, 28, 12, 17, 23, 12, 34, 14, 25, 8, 29, 29, 32, 18, 19, 11, 6, 8, 32, 32, 9, 19, 30, 2, 31, 22, 24, 7, 27, 22, 7, 14, 7, 27, 27, 30, 21, 20, 26, 14, 16, 30, 32, 21, 23, 24, 1, 33, 20, 28, 26, 21, 17, 12, 26, 21, 12, 27, 20, 10, 29, 15, 7, 20, 2, 18, 3, 22, 15, 18, 26, 33, 6, 29, 28, 15, 37, 35, 31, 30, 27, 11, 26, 22, 25, 16, 23, 21, 5, 2, 32, 5, 12, 23, 32, 11, 4, 24, 28, 26, 29, 27, 25, 8, 24, 19, 36, 14, 25, 26, 34, 32, 20, 28, 31, 31, 8, 9, 19, 34, 19, 24, 24, 29, 5, 26, 6, 25, 27, 26, 21, 10, 34, 20, 22, 9, 28, 28, 23, 35, 26, 29, 26, 28, 11, 4, 32, 29, 25, 21, 32, 26, 32, 13, 14, 22, 28, 25, 11, 31, 27, 25, 20, 26, 21, 12, 16, 27, 18, 12, 2, 22, 7, 28, 29, 8, 19, 17, 24, 25, 30, 28, 18, 27, 26, 3, 17, 31, 18, 24, 29, 18, 22, 22, 30, 32, 29, 20, 7, 21, 13, 16, 25, 36, 32, 7, 30, 19, 34, 30, 7, 7, 31, 29, 21, 18, 13, 26, 33, 31, 6, 18, 29, 24, 7, 22, 20, 18, 29, 31, 29, 29, 32, 26, 24, 22, 29, 24, 14, 17, 36, 27, 28, 30, 27, 21, 23, 24, 17, 23, 35, 13, 25, 21, 6, 16, 27, 17, 18, 24, 31, 25, 33, 36, 8, 25, 29, 18, 25, 3, 15, 22, 23, 31, 31, 16, 20, 18, 25, 34, 27, 27, 23, 30, 23, 16, 25, 31, 26, 29, 35, 24, 33, 16, 1, 11, 26, 29, 27, 9, 28, 22, 2, 25, 30, 26, 25, 24, 25, 18, 31, 16, 24, 16, 29, 31, 28, 25, 12, 10, 27, 19, 13, 23, 23, 33, 10, 23, 13, 3, 14, 33, 30, 5, 31, 8, 24, 25, 25, 26, 20, 26, 32, 27, 25, 17, 24, 31, 15, 34, 27, 25, 31, 16, 14, 25, 26, 32, 21, 38, 28, 20, 13, 30, 17, 28, 33, 2, 28]

Run 8
Start: 1516459450.24
End: 1516461029.07
Elapsed: 1578.82700801
Scores: [31, 31, 31, 25, 33, 24, 27, 20, 32, 36, 12, 9, 12, 22, 24, 17, 24, 31, 22, 32, 30, 31, 26, 11, 26, 4, 22, 20, 30, 34, 29, 30, 27, 10, 31, 35, 28, 32, 28, 35, 32, 22, 28, 5, 32, 27, 37, 21, 13, 24, 24, 22, 24, 44, 27, 36, 14, 26, 32, 23, 18, 26, 25, 24, 20, 34, 31, 21, 29, 35, 11, 29, 23, 7, 28, 18, 33, 31, 31, 20, 21, 23, 18, 33, 16, 24, 27, 35, 28, 33, 27, 8, 21, 10, 28, 33, 21, 19, 20, 6, 32, 22, 29, 33, 31, 26, 31, 21, 26, 29, 26, 33, 29, 31, 20, 18, 32, 27, 30, 35, 25, 28, 24, 19, 29, 33, 36, 24, 27, 4, 25, 36, 32, 19, 27, 13, 26, 31, 31, 35, 20, 26, 24, 32, 10, 18, 14, 26, 35, 26, 30, 30, 33, 28, 27, 26, 25, 9, 23, 22, 30, 31, 28, 18, 23, 25, 26, 17, 33, 2, 14, 19, 28, 24, 33, 30, 30, 32, 17, 20, 27, 27, 26, 24, 27, 19, 27, 29, 28, 30, 19, 23, 37, 6, 34, 33, 17, 26, 24, 25, 18, 19, 24, 35, 27, 25, 12, 32, 30, 22, 15, 31, 4, 21, 32, 26, 27, 20, 34, 20, 9, 19, 20, 19, 17, 33, 34, 8, 13, 22, 31, 32, 32, 17, 20, 17, 4, 19, 25, 25, 22, 25, 27, 26, 21, 39, 23, 22, 25, 20, 26, 29, 29, 3, 38, 31, 23, 24, 28, 27, 36, 24, 32, 34, 11, 26, 26, 31, 12, 3, 29, 19, 20, 27, 28, 19, 22, 28, 27, 32, 29, 27, 23, 5, 23, 26, 2, 30, 22, 32, 27, 32, 28, 17, 11, 28, 18, 24, 22, 27, 18, 22, 30, 34, 36, 23, 4, 33, 43, 36, 23, 32, 32, 10, 23, 34, 21, 20, 27, 32, 15, 31, 31, 16, 31, 29, 30, 29, 31, 29, 28, 20, 23, 33, 29, 29, 17, 25, 29, 34, 25, 6, 34, 23, 22, 28, 8, 24, 34, 24, 18, 35, 32, 23, 34, 31, 31, 32, 26, 25, 29, 33, 21, 27, 16, 9, 27, 14, 26, 27, 29, 24, 34, 23, 29, 28, 32, 31, 32, 25, 22, 29, 19, 10, 9, 7, 24, 32, 24, 28, 35, 28, 24, 31, 17, 31, 22, 32, 25, 21, 25, 23, 31, 32, 35, 33, 20, 24, 25, 30, 22, 8, 35, 31, 17, 35, 18, 31, 19, 21, 40, 14, 25, 29, 21, 22, 32, 32, 33, 13, 27, 23, 32, 13, 31, 24, 25, 34, 17, 40, 33, 31, 5, 32, 30, 31, 28, 28, 17, 34, 22, 23, 23, 32, 36, 30, 23, 28, 30, 23, 23, 30, 24, 30, 27, 26, 18, 21, 36, 3, 24, 27, 24, 25, 18, 20, 31, 25, 16, 17, 32, 26, 36, 25, 7, 30, 31, 21, 30, 30, 24, 27, 19, 25, 39, 34, 36, 25, 41, 26]

Run 13
Start: 1516460033.1
End: 1516461134.66
Elapsed: 1101.56156802
Scores: [16, 13, 10, 14, 13, 13, 21, 17, 13, 14, 19, 17, 23, 19, 16, 16, 13, 16, 9, 13, 17, 15, 4, 15, 13, 15, 14, 16, 13, 17, 15, 15, 22, 14, 17, 15, 20, 13, 16, 13, 13, 14, 18, 15, 14, 5, 17, 19, 15, 14, 16, 13, 15, 18, 21, 24, 14, 17, 17, 16, 17, 16, 13, 16, 13, 16, 15, 16, 21, 14, 14, 22, 19, 16, 17, 18, 14, 13, 19, 23, 16, 14, 16, 16, 21, 13, 18, 2, 17, 14, 18, 19, 20, 10, 13, 15, 18, 28, 17, 18, 13, 14, 13, 23, 16, 25, 20, 13, 22, 13, 17, 17, 15, 21, 20, 13, 13, 15, 19, 13, 13, 16, 18, 17, 13, 13, 15, 14, 15, 17, 5, 20, 16, 13, 16, 16, 14, 15, 15, 18, 14, 14, 16, 15, 20, 16, 15, 20, 13, 13, 19, 20, 15, 14, 13, 17, 13, 13, 13, 14, 21, 13, 22, 13, 14, 15, 17, 14, 13, 14, 13, 25, 14, 14, 15, 16, 18, 18, 19, 13, 15, 13, 19, 18, 20, 13, 14, 15, 16, 15, 19, 15, 21, 17, 17, 3, 17, 19, 18, 13, 16, 13, 14, 14, 15, 13, 4, 17, 13, 24, 16, 13, 13, 13, 22, 17, 13, 13, 13, 16, 15, 16, 18, 18, 16, 13, 14, 21, 23, 29, 17, 16, 21, 13, 24, 19, 16, 17, 15, 13, 15, 8, 19, 13, 15, 15, 15, 13, 17, 13, 14, 14, 15, 22, 15, 20, 15, 21, 10, 16, 14, 16, 18, 17, 20, 16, 17, 16, 13, 17, 20, 15, 18, 5, 18, 17, 17, 13, 21, 4, 13, 15, 17, 20, 21, 22, 14, 13, 15, 15, 16, 22, 13, 17, 14, 13, 16, 14, 14, 16, 15, 6, 17, 5, 15, 16, 12, 20, 18, 14, 20, 15, 15, 14, 16, 13, 16, 15, 15, 15, 13, 27, 13, 14, 13, 14, 13, 19, 22, 20, 17, 16, 14, 15, 16, 15, 17, 14, 16, 16, 15, 17, 18, 13, 19, 15, 17, 16, 18, 15, 15, 15, 22, 17, 14, 13, 17, 14, 17, 19, 16, 7, 22, 21, 15, 13, 15, 14, 18, 24, 15, 13, 17, 17, 13, 23, 15, 2, 17, 17, 17, 13, 13, 14, 13, 15, 14, 21, 14, 16, 20, 13, 15, 15, 13, 13, 18, 19, 13, 13, 20, 25, 22, 14, 13, 22, 16, 15, 19, 17, 13, 15, 20, 15, 19, 14, 13, 13, 15, 16, 13, 16, 16, 29, 14, 20, 17, 13, 13, 15, 23, 19, 30, 14, 29, 18, 22, 16, 13, 13, 13, 13, 29, 16, 14, 14, 17, 14, 13, 13, 18, 20, 17, 21, 16, 15, 28, 14, 17, 21, 7, 18, 24, 11, 15, 18, 23, 14, 13, 23, 6, 4, 15, 15, 17, 20, 17, 14, 15, 13, 13, 16, 14, 17, 23, 13, 4, 13, 15, 16, 15, 18, 13, 13, 15, 20, 14, 7, 15, 14]

Run 23
Start: 1516459903.36
End: 1516461231.53
Elapsed: 1328.16962194
Scores: [31, 25, 25, 17, 18, 31, 29, 29, 4, 14, 5, 22, 27, 27, 17, 19, 27, 24, 32, 14, 28, 12, 21, 27, 26, 3, 15, 14, 13, 24, 16, 16, 20, 29, 32, 16, 16, 16, 14, 1, 6, 22, 1, 30, 22, 17, 15, 18, 9, 19, 14, 19, 15, 21, 16, 18, 20, 16, 20, 20, 18, 18, 1, 18, 21, 25, 16, 30, 22, 22, 13, 21, 23, 22, 17, 15, 15, 16, 18, 27, 18, 19, 18, 18, 21, 27, 18, 19, 3, 31, 14, 18, 28, 17, 18, 12, 7, 22, 19, 16, 18, 21, 29, 18, 24, 28, 7, 15, 3, 15, 14, 28, 26, 16, 15, 10, 20, 21, 3, 27, 14, 29, 29, 30, 27, 17, 13, 23, 5, 20, 22, 12, 26, 28, 16, 10, 17, 18, 17, 23, 23, 14, 20, 26, 37, 4, 22, 20, 13, 4, 18, 18, 19, 18, 23, 22, 20, 15, 18, 1, 6, 21, 15, 21, 22, 33, 14, 4, 15, 21, 24, 1, 21, 23, 1, 11, 37, 18, 15, 14, 16, 23, 21, 24, 10, 18, 10, 3, 27, 18, 36, 18, 20, 11, 8, 39, 17, 18, 21, 11, 8, 5, 14, 28, 11, 18, 21, 21, 17, 4, 20, 11, 33, 3, 24, 24, 21, 25, 10, 22, 14, 3, 20, 13, 23, 31, 17, 23, 11, 11, 18, 18, 8, 18, 24, 3, 1, 6, 35, 21, 1, 10, 19, 2, 19, 18, 19, 13, 29, 26, 10, 4, 28, 24, 15, 1, 16, 6, 20, 10, 23, 11, 17, 16, 27, 22, 16, 17, 22, 15, 19, 18, 11, 10, 23, 27, 14, 4, 2, 17, 21, 23, 20, 15, 27, 24, 1, 24, 12, 21, 24, 24, 34, 15, 27, 9, 20, 25, 3, 17, 22, 19, 18, 9, 1, 28, 26, 13, 4, 19, 16, 9, 33, 20, 7, 25, 12, 12, 15, 19, 27, 17, 17, 19, 28, 18, 26, 22, 24, 21, 23, 22, 21, 1, 5, 25, 23, 23, 16, 13, 17, 24, 15, 19, 31, 19, 27, 24, 22, 9, 8, 14, 15, 11, 15, 20, 14, 6, 17, 13, 21, 12, 14, 27, 9, 30, 21, 11, 14, 22, 27, 21, 29, 20, 18, 16, 19, 17, 14, 9, 24, 21, 15, 27, 20, 25, 17, 5, 22, 16, 10, 6, 27, 14, 24, 16, 19, 13, 19, 4, 20, 18, 12, 42, 14, 22, 25, 12, 5, 21, 6, 2, 19, 1, 22, 5, 15, 9, 12, 22, 18, 11, 19, 8, 17, 5, 10, 20, 13, 26, 9, 22, 25, 10, 22, 17, 7, 23, 24, 37, 8, 14, 16, 20, 18, 17, 31, 16, 19, 21, 17, 18, 14, 30, 12, 3, 24, 18, 29, 14, 15, 9, 26, 19, 13, 7, 25, 15, 22, 17, 14, 8, 20, 25, 18, 6, 28, 21, 17, 9, 20, 11, 23, 1, 17, 25, 25, 17, 20, 29, 2, 17, 21, 3, 18, 25, 18, 8, 19, 24]

Run 27
Start: 1516459058.33
End: 1516461550.51
Elapsed: 2492.17848682
Scores: [29, 46, 34, 32, 39, 40, 42, 33, 24, 38, 34, 35, 39, 35, 46, 45, 38, 40, 44, 34, 37, 47, 17, 35, 40, 24, 43, 14, 38, 34, 32, 29, 20, 35, 22, 44, 41, 39, 24, 32, 27, 13, 34, 16, 39, 28, 24, 4, 29, 45, 37, 24, 51, 41, 28, 16, 42, 35, 23, 40, 46, 38, 24, 22, 40, 39, 35, 34, 30, 40, 37, 35, 27, 29, 33, 40, 28, 35, 40, 26, 19, 38, 29, 36, 21, 39, 32, 31, 41, 37, 38, 26, 46, 29, 37, 49, 17, 47, 32, 36, 25, 30, 24, 35, 40, 15, 39, 41, 29, 28, 36, 39, 44, 32, 43, 36, 28, 35, 35, 34, 25, 44, 25, 37, 38, 40, 37, 23, 37, 27, 29, 41, 49, 31, 31, 33, 42, 36, 29, 46, 43, 34, 39, 19, 19, 40, 35, 33, 22, 24, 36, 34, 41, 39, 28, 43, 37, 30, 38, 45, 37, 38, 37, 39, 36, 39, 40, 35, 42, 26, 42, 33, 35, 36, 43, 38, 30, 34, 42, 35, 41, 36, 36, 22, 42, 39, 34, 4, 29, 50, 34, 36, 28, 21, 37, 35, 23, 36, 42, 41, 38, 17, 31, 37, 23, 30, 25, 35, 45, 46, 15, 37, 41, 21, 37, 25, 38, 35, 26, 50, 23, 48, 37, 27, 37, 16, 38, 18, 23, 39, 30, 53, 44, 38, 41, 40, 40, 35, 33, 35, 20, 47, 38, 39, 19, 32, 17, 38, 34, 47, 40, 26, 45, 41, 45, 18, 32, 33, 17, 42, 39, 43, 46, 31, 20, 46, 34, 33, 24, 41, 32, 35, 36, 25, 12, 40, 36, 19, 30, 45, 36, 35, 24, 33, 35, 37, 37, 22, 49, 35, 46, 23, 39, 34, 34, 40, 21, 35, 34, 34, 29, 35, 42, 23, 30, 35, 41, 37, 41, 36, 38, 30, 37, 53, 46, 37, 43, 39, 25, 34, 33, 19, 35, 33, 38, 25, 43, 33, 24, 9, 38, 28, 38, 32, 38, 18, 30, 15, 39, 37, 41, 21, 38, 35, 51, 34, 32, 37, 44, 34, 14, 29, 28, 41, 40, 32, 34, 35, 32, 30, 33, 37, 34, 43, 36, 39, 46, 38, 43, 47, 37, 36, 30, 32, 40, 29, 32, 35, 30, 38, 21, 31, 34, 45, 34, 37, 18, 42, 22, 40, 34, 16, 34, 40, 39, 34, 32, 20, 41, 37, 20, 33, 37, 48, 36, 38, 15, 23, 28, 34, 37, 18, 43, 25, 26, 27, 35, 43, 43, 34, 31, 48, 29, 39, 36, 56, 41, 37, 38, 28, 17, 49, 30, 31, 25, 40, 31, 42, 46, 43, 18, 48, 40, 44, 41, 34, 27, 34, 31, 39, 19, 35, 39, 18, 36, 43, 36, 40, 15, 25, 39, 28, 36, 50, 21, 33, 34, 40, 36, 44, 17, 37, 34, 38, 46, 34, 41, 28, 38, 39, 23, 12, 50, 37, 19, 28, 42, 37, 34, 40, 37, 17, 41, 37, 40, 36, 43, 40, 34, 29]

Run 3
Start: 1516459676.59
End: 1516461561.45
Elapsed: 1884.85493398
Scores: [24, 12, 33, 24, 24, 30, 34, 15, 28, 26, 26, 26, 30, 23, 24, 31, 29, 11, 29, 30, 22, 20, 13, 9, 22, 31, 1, 37, 27, 23, 33, 27, 34, 24, 31, 28, 36, 22, 23, 28, 30, 23, 1, 21, 36, 28, 29, 21, 22, 29, 29, 36, 29, 9, 29, 30, 2, 37, 34, 32, 16, 23, 29, 27, 24, 32, 19, 17, 20, 1, 16, 21, 23, 31, 3, 26, 29, 20, 30, 22, 32, 24, 29, 25, 30, 20, 8, 19, 21, 21, 20, 33, 28, 2, 31, 24, 25, 36, 29, 26, 38, 18, 29, 23, 18, 7, 24, 20, 30, 18, 26, 28, 30, 21, 27, 21, 23, 25, 37, 30, 34, 4, 19, 31, 21, 38, 31, 30, 29, 38, 27, 34, 26, 19, 34, 18, 23, 4, 34, 22, 24, 29, 32, 29, 37, 24, 25, 25, 28, 29, 26, 16, 27, 23, 21, 31, 19, 29, 16, 24, 36, 11, 23, 2, 33, 21, 31, 26, 24, 21, 27, 22, 25, 30, 33, 29, 20, 33, 35, 23, 22, 23, 30, 1, 20, 8, 24, 26, 22, 23, 19, 23, 23, 29, 30, 32, 22, 33, 27, 20, 1, 23, 27, 31, 35, 24, 24, 34, 19, 32, 31, 9, 33, 26, 16, 25, 21, 18, 34, 24, 32, 35, 19, 30, 27, 18, 33, 26, 38, 18, 30, 28, 17, 23, 31, 33, 31, 26, 21, 35, 24, 29, 7, 23, 25, 25, 15, 35, 27, 25, 22, 3, 18, 24, 34, 34, 27, 5, 33, 32, 27, 19, 20, 23, 27, 27, 35, 28, 28, 25, 32, 26, 20, 23, 34, 30, 1, 33, 26, 31, 31, 30, 29, 24, 22, 23, 29, 24, 32, 23, 28, 31, 29, 30, 14, 31, 11, 31, 31, 31, 41, 23, 22, 21, 12, 21, 18, 29, 25, 21, 28, 37, 34, 27, 24, 17, 16, 26, 22, 24, 18, 21, 23, 23, 28, 38, 18, 17, 25, 30, 24, 32, 5, 24, 26, 19, 30, 40, 23, 36, 24, 22, 20, 27, 33, 32, 16, 15, 26, 19, 18, 25, 30, 39, 3, 33, 25, 20, 20, 22, 23, 20, 19, 31, 32, 26, 18, 21, 35, 4, 30, 23, 22, 23, 2, 22, 44, 1, 20, 19, 20, 20, 29, 33, 34, 18, 31, 31, 29, 2, 19, 21, 31, 30, 20, 29, 21, 24, 18, 26, 25, 25, 13, 20, 11, 5, 1, 15, 28, 37, 26, 23, 25, 3, 26, 21, 22, 31, 17, 18, 24, 27, 30, 27, 30, 24, 19, 32, 26, 24, 25, 17, 20, 26, 29, 14, 20, 10, 31, 26, 23, 21, 1, 10, 25, 35, 26, 23, 21, 14, 33, 31, 35, 32, 30, 16, 27, 20, 5, 25, 25, 27, 34, 26, 7, 31, 33, 28, 26, 21, 28, 11, 23, 33, 28, 25, 34, 16, 34, 19, 27, 22, 21, 25, 34, 19, 28, 19, 25, 20, 11, 26, 29, 30, 20, 1, 25, 21, 22, 31]

Run 19
Start: 1516460913.81
End: 1516461705.38
Elapsed: 791.572603941
Scores: [3, 14, 3, 12, 10, 8, 22, 1, 3, 7, 23, 6, 5, 12, 18, 6, 5, 14, 14, 5, 4, 12, 3, 24, 16, 3, 8, 8, 9, 17, 5, 3, 12, 14, 9, 5, 6, 6, 11, 5, 9, 3, 10, 16, 1, 10, 14, 7, 2, 4, 26, 20, 14, 16, 15, 7, 3, 9, 2, 12, 11, 8, 17, 4, 10, 9, 12, 18, 15, 16, 13, 15, 6, 13, 10, 4, 8, 14, 15, 6, 8, 1, 10, 18, 1, 17, 6, 3, 14, 5, 19, 7, 14, 14, 2, 4, 16, 2, 2, 4, 8, 11, 7, 6, 1, 7, 14, 7, 10, 8, 10, 6, 8, 2, 15, 7, 12, 2, 12, 8, 7, 22, 10, 14, 7, 10, 5, 7, 21, 6, 2, 11, 7, 7, 10, 10, 9, 3, 10, 12, 15, 10, 12, 12, 6, 6, 17, 13, 6, 1, 13, 4, 6, 5, 9, 15, 6, 9, 19, 6, 24, 6, 12, 2, 11, 6, 14, 2, 11, 24, 9, 5, 14, 5, 12, 16, 19, 4, 1, 3, 11, 6, 4, 2, 12, 6, 18, 7, 10, 18, 8, 9, 11, 3, 23, 7, 14, 6, 8, 5, 4, 12, 3, 4, 17, 12, 15, 12, 5, 15, 13, 12, 13, 7, 13, 12, 6, 5, 3, 8, 17, 6, 16, 24, 17, 7, 6, 8, 27, 11, 3, 14, 8, 26, 12, 7, 1, 2, 10, 7, 13, 8, 14, 11, 4, 13, 4, 14, 7, 5, 14, 20, 11, 5, 8, 7, 2, 11, 3, 13, 9, 8, 5, 16, 11, 7, 4, 9, 6, 12, 20, 6, 14, 7, 8, 19, 7, 8, 12, 8, 4, 16, 4, 25, 10, 13, 7, 14, 16, 2, 13, 4, 15, 7, 6, 1, 13, 2, 15, 7, 6, 13, 11, 2, 12, 14, 8, 10, 7, 5, 15, 5, 6, 14, 8, 3, 13, 5, 6, 13, 2, 2, 4, 9, 3, 24, 4, 10, 4, 6, 1, 11, 21, 12, 5, 9, 26, 11, 7, 16, 6, 12, 5, 11, 10, 13, 9, 15, 5, 7, 19, 9, 13, 16, 14, 16, 14, 8, 16, 4, 5, 21, 12, 12, 14, 10, 13, 2, 1, 9, 9, 5, 4, 9, 2, 10, 12, 13, 8, 12, 5, 11, 8, 1, 19, 16, 11, 6, 14, 15, 10, 9, 15, 19, 8, 5, 2, 20, 13, 1, 20, 9, 7, 14, 1, 24, 9, 2, 2, 13, 1, 1, 16, 8, 8, 6, 10, 12, 2, 1, 18, 5, 17, 12, 13, 7, 5, 6, 11, 22, 15, 21, 6, 15, 22, 1, 3, 4, 11, 13, 10, 9, 3, 8, 14, 8, 10, 10, 11, 11, 9, 2, 5, 17, 8, 9, 19, 13, 7, 20, 12, 9, 10, 14, 17, 8, 3, 16, 6, 8, 3, 8, 4, 7, 5, 12, 6, 13, 6, 6, 14, 13, 13, 4, 15, 15, 17, 19, 10, 6, 14, 13, 13, 5, 3, 10, 6, 4, 16, 13]

Run 14
Start: 1516461135.88
End: 1516461868.49
Elapsed: 732.609564066
Scores: [18, 11, 13, 18, 5, 2, 6, 8, 12, 1, 4, 10, 7, 10, 11, 5, 6, 4, 11, 10, 7, 11, 16, 6, 18, 21, 7, 4, 22, 11, 7, 11, 15, 9, 12, 15, 28, 15, 11, 5, 9, 10, 11, 6, 18, 5, 9, 8, 10, 16, 1, 9, 12, 11, 8, 7, 2, 9, 4, 10, 4, 5, 9, 8, 10, 8, 5, 12, 13, 17, 8, 3, 11, 7, 7, 21, 6, 11, 7, 10, 2, 26, 13, 14, 9, 9, 9, 8, 10, 8, 8, 13, 17, 8, 3, 5, 4, 9, 14, 2, 18, 8, 6, 10, 21, 15, 11, 24, 6, 9, 8, 5, 6, 13, 23, 2, 3, 5, 5, 40, 6, 8, 15, 4, 2, 18, 11, 3, 18, 2, 14, 10, 2, 4, 9, 8, 2, 15, 18, 2, 3, 11, 9, 12, 17, 5, 12, 9, 5, 6, 10, 1, 1, 14, 5, 10, 5, 18, 7, 17, 18, 8, 11, 10, 1, 12, 10, 12, 5, 9, 19, 9, 5, 2, 13, 9, 4, 7, 6, 5, 11, 5, 8, 2, 10, 4, 3, 8, 12, 10, 12, 1, 3, 13, 19, 5, 2, 5, 15, 6, 15, 9, 19, 20, 20, 8, 11, 17, 17, 16, 8, 11, 19, 13, 7, 16, 15, 13, 12, 9, 2, 10, 11, 12, 18, 3, 2, 2, 2, 5, 21, 3, 12, 13, 11, 4, 1, 4, 10, 17, 11, 16, 18, 12, 1, 16, 8, 1, 6, 10, 12, 4, 1, 4, 15, 1, 10, 13, 17, 10, 19, 13, 16, 4, 13, 1, 19, 6, 2, 7, 12, 1, 20, 13, 8, 7, 7, 1, 22, 1, 2, 2, 8, 11, 6, 15, 19, 6, 15, 11, 1, 11, 17, 1, 18, 13, 22, 7, 4, 7, 4, 16, 4, 14, 8, 2, 6, 19, 20, 5, 13, 3, 1, 7, 2, 6, 14, 11, 2, 2, 6, 13, 5, 11, 9, 20, 12, 4, 3, 9, 8, 9, 6, 9, 18, 12, 13, 2, 13, 3, 11, 6, 10, 16, 32, 2, 1, 6, 13, 6, 5, 8, 3, 3, 10, 10, 13, 16, 2, 8, 5, 17, 9, 3, 14, 16, 6, 16, 12, 10, 8, 11, 6, 9, 5, 8, 4, 9, 4, 11, 8, 12, 3, 18, 11, 14, 13, 3, 2, 2, 5, 6, 14, 4, 13, 1, 14, 7, 5, 11, 12, 5, 17, 13, 1, 8, 14, 5, 11, 18, 6, 18, 3, 12, 3, 7, 17, 13, 4, 22, 13, 11, 12, 1, 8, 18, 1, 5, 16, 3, 15, 2, 18, 10, 3, 14, 9, 6, 10, 8, 7, 1, 16, 17, 1, 11, 9, 2, 7, 12, 5, 13, 15, 7, 2, 22, 12, 5, 2, 19, 5, 7, 10, 8, 11, 10, 11, 14, 16, 5, 4, 11, 17, 14, 14, 14, 5, 12, 11, 19, 10, 8, 17, 1, 13, 16, 6, 9, 7, 10, 12, 12, 10, 8, 9, 5, 11, 17, 5, 8]

Run 9
Start: 1516461031.33
End: 1516462317.85
Elapsed: 1286.52365708
Scores: [25, 17, 24, 22, 32, 6, 9, 23, 29, 23, 14, 7, 27, 22, 5, 19, 18, 13, 23, 9, 24, 15, 9, 24, 22, 17, 27, 27, 10, 0, 19, 15, 21, 25, 2, 21, 7, 15, 23, 3, 5, 13, 21, 20, 22, 13, 29, 15, 24, 22, 13, 34, 15, 23, 36, 5, 25, 19, 23, 0, 20, 3, 14, 29, 19, 20, 1, 16, 15, 24, 12, 14, 0, 12, 24, 4, 21, 1, 32, 21, 20, 31, 0, 0, 22, 3, 28, 14, 23, 6, 18, 16, 34, 16, 0, 29, 16, 19, 33, 16, 11, 21, 17, 21, 22, 19, 19, 6, 19, 2, 18, 6, 17, 30, 17, 13, 28, 20, 16, 25, 26, 6, 6, 22, 25, 24, 7, 22, 26, 21, 21, 18, 20, 15, 21, 17, 9, 22, 24, 0, 14, 21, 1, 22, 25, 13, 12, 27, 21, 11, 22, 16, 20, 20, 12, 1, 25, 21, 13, 23, 18, 13, 18, 11, 26, 29, 18, 27, 27, 8, 8, 22, 35, 23, 14, 29, 27, 17, 21, 21, 25, 2, 17, 28, 17, 2, 5, 13, 29, 16, 13, 6, 25, 10, 19, 14, 22, 18, 20, 29, 13, 20, 14, 21, 1, 28, 25, 4, 16, 16, 12, 23, 13, 13, 0, 6, 17, 0, 6, 25, 25, 34, 29, 18, 0, 24, 11, 10, 7, 7, 20, 24, 21, 0, 10, 11, 0, 21, 19, 15, 17, 26, 19, 12, 29, 16, 24, 22, 20, 30, 20, 25, 19, 10, 22, 20, 18, 8, 36, 26, 31, 12, 14, 20, 8, 21, 18, 10, 15, 10, 18, 23, 13, 18, 25, 0, 7, 25, 14, 13, 12, 25, 10, 26, 15, 21, 14, 0, 0, 22, 18, 12, 25, 5, 25, 19, 11, 14, 16, 37, 17, 21, 27, 11, 1, 8, 2, 18, 5, 14, 13, 22, 9, 21, 22, 26, 31, 6, 28, 6, 20, 17, 23, 1, 19, 16, 0, 32, 29, 15, 10, 8, 18, 25, 0, 33, 16, 16, 6, 5, 4, 21, 30, 9, 20, 12, 21, 4, 27, 22, 11, 32, 22, 20, 17, 17, 28, 20, 15, 0, 20, 22, 12, 14, 15, 27, 27, 26, 8, 14, 18, 24, 30, 26, 19, 22, 23, 11, 13, 3, 16, 23, 15, 15, 4, 27, 15, 17, 4, 26, 6, 20, 16, 1, 8, 33, 20, 35, 23, 11, 20, 23, 19, 16, 13, 15, 20, 7, 15, 24, 16, 22, 13, 32, 19, 4, 25, 23, 12, 18, 17, 23, 28, 25, 19, 20, 19, 19, 21, 20, 4, 18, 27, 20, 2, 20, 16, 13, 20, 17, 16, 24, 16, 17, 17, 17, 9, 29, 21, 17, 31, 28, 15, 17, 21, 10, 19, 16, 32, 0, 20, 14, 25, 13, 0, 4, 6, 6, 1, 9, 16, 19, 0, 19, 12, 22, 0, 0, 41, 21, 9, 17, 15, 19, 31, 17, 23, 23, 14, 12, 23, 22, 25, 29, 10, 18, 13, 16, 17, 9]

Run 4
Start: 1516461564.64
End: 1516462821.83
Elapsed: 1257.19214296
Scores: [27, 10, 27, 5, 6, 7, 6, 19, 15, 21, 16, 6, 17, 14, 29, 14, 25, 8, 30, 18, 10, 1, 21, 18, 31, 4, 15, 23, 6, 10, 1, 6, 21, 19, 13, 9, 21, 21, 10, 19, 20, 20, 24, 19, 20, 19, 23, 23, 22, 15, 19, 34, 22, 6, 21, 9, 14, 25, 18, 18, 26, 15, 19, 20, 36, 8, 18, 26, 17, 1, 1, 9, 30, 26, 28, 8, 2, 18, 19, 36, 31, 24, 16, 28, 19, 27, 21, 27, 21, 4, 8, 9, 13, 7, 20, 28, 27, 12, 18, 4, 16, 14, 18, 15, 23, 30, 16, 13, 6, 27, 7, 21, 13, 23, 24, 13, 23, 22, 16, 7, 16, 22, 23, 6, 25, 24, 15, 16, 7, 17, 6, 7, 19, 27, 9, 20, 16, 29, 2, 28, 15, 6, 18, 12, 17, 30, 20, 21, 24, 17, 17, 19, 23, 27, 13, 19, 17, 20, 24, 13, 24, 14, 25, 16, 29, 2, 15, 19, 21, 18, 22, 14, 24, 15, 9, 18, 15, 23, 12, 24, 14, 25, 26, 29, 10, 13, 18, 25, 23, 23, 17, 19, 7, 5, 12, 4, 14, 7, 2, 27, 23, 15, 27, 18, 26, 22, 3, 26, 22, 22, 18, 21, 31, 5, 22, 14, 28, 16, 19, 14, 15, 16, 10, 11, 20, 29, 6, 16, 20, 17, 21, 13, 9, 2, 2, 16, 35, 17, 8, 12, 5, 6, 24, 16, 19, 7, 5, 36, 25, 3, 21, 19, 21, 20, 15, 16, 6, 23, 26, 27, 3, 15, 6, 28, 27, 31, 18, 21, 6, 9, 19, 26, 2, 17, 25, 17, 6, 14, 17, 17, 29, 32, 19, 12, 23, 14, 10, 22, 17, 26, 21, 8, 31, 23, 12, 5, 20, 25, 24, 31, 13, 13, 17, 23, 15, 15, 8, 15, 15, 17, 20, 20, 9, 17, 34, 20, 15, 28, 22, 13, 7, 18, 19, 12, 20, 22, 10, 18, 18, 19, 18, 11, 4, 11, 27, 26, 21, 26, 32, 28, 11, 24, 19, 13, 16, 18, 8, 31, 24, 15, 27, 14, 17, 16, 7, 8, 14, 20, 21, 18, 16, 24, 14, 21, 26, 14, 21, 22, 1, 25, 19, 13, 21, 14, 11, 19, 13, 23, 25, 16, 15, 26, 25, 17, 25, 14, 10, 8, 9, 11, 13, 15, 6, 23, 17, 14, 15, 23, 23, 25, 22, 20, 5, 18, 22, 21, 35, 23, 23, 19, 13, 24, 11, 15, 23, 3, 15, 19, 16, 15, 32, 21, 20, 1, 17, 16, 36, 16, 17, 21, 2, 22, 10, 16, 10, 2, 21, 5, 17, 6, 11, 31, 7, 14, 26, 15, 2, 13, 8, 37, 20, 5, 16, 17, 28, 5, 30, 31, 4, 23, 13, 14, 24, 23, 21, 22, 25, 5, 21, 6, 21, 17, 26, 25, 23, 19, 19, 14, 18, 15, 26, 18, 19, 16, 10, 23, 12, 17, 23, 25, 18, 22, 20, 9, 28, 25, 14, 4, 15, 27]

Run 28
Start: 1516461555.38
End: 1516463121.3
Elapsed: 1565.92265201
Scores: [20, 34, 23, 19, 15, 22, 24, 20, 10, 33, 25, 21, 19, 16, 15, 7, 7, 24, 25, 12, 10, 13, 15, 14, 19, 18, 7, 20, 29, 22, 6, 24, 27, 22, 28, 2, 27, 12, 29, 7, 16, 24, 10, 18, 11, 24, 14, 9, 20, 30, 14, 27, 35, 26, 18, 20, 21, 25, 17, 23, 13, 27, 15, 23, 6, 11, 22, 31, 19, 16, 18, 24, 18, 17, 25, 14, 11, 13, 19, 14, 17, 27, 22, 9, 25, 6, 27, 22, 23, 11, 10, 22, 28, 24, 19, 23, 24, 17, 15, 32, 19, 2, 22, 6, 19, 20, 15, 21, 28, 21, 18, 6, 16, 9, 27, 4, 15, 12, 20, 15, 18, 13, 16, 16, 24, 13, 13, 10, 25, 25, 16, 10, 15, 25, 8, 8, 15, 21, 2, 21, 17, 12, 15, 17, 27, 18, 32, 27, 24, 14, 28, 16, 4, 19, 25, 28, 18, 17, 31, 15, 17, 24, 23, 6, 30, 19, 15, 15, 32, 29, 5, 6, 26, 23, 15, 21, 20, 26, 20, 25, 28, 18, 25, 24, 19, 2, 17, 26, 27, 19, 15, 17, 10, 2, 15, 16, 21, 19, 30, 24, 23, 23, 27, 2, 22, 15, 4, 4, 10, 26, 21, 2, 8, 22, 26, 14, 19, 28, 22, 29, 22, 13, 15, 20, 22, 14, 2, 4, 31, 30, 21, 27, 3, 18, 16, 11, 18, 25, 24, 21, 21, 30, 26, 24, 15, 25, 16, 20, 22, 28, 20, 28, 10, 16, 26, 21, 21, 13, 11, 19, 31, 29, 25, 25, 27, 8, 19, 28, 17, 9, 24, 22, 32, 39, 20, 2, 28, 31, 18, 15, 16, 21, 6, 26, 16, 18, 25, 21, 12, 26, 17, 29, 30, 23, 4, 30, 11, 19, 24, 15, 10, 16, 20, 18, 28, 26, 17, 27, 22, 20, 18, 19, 10, 24, 18, 12, 13, 20, 25, 19, 26, 31, 21, 22, 2, 19, 17, 9, 28, 17, 10, 18, 11, 34, 40, 17, 15, 22, 14, 19, 17, 24, 22, 30, 16, 5, 37, 17, 13, 21, 20, 7, 28, 22, 21, 15, 33, 26, 10, 33, 2, 17, 14, 6, 16, 24, 17, 11, 20, 12, 24, 17, 23, 11, 8, 22, 13, 13, 40, 9, 21, 23, 14, 24, 11, 22, 34, 7, 5, 20, 25, 29, 9, 23, 17, 10, 11, 19, 14, 21, 3, 21, 16, 8, 23, 25, 26, 23, 22, 19, 24, 30, 20, 23, 24, 13, 8, 21, 12, 11, 14, 7, 24, 26, 28, 19, 10, 23, 2, 16, 23, 10, 16, 7, 14, 33, 15, 15, 17, 24, 25, 19, 20, 23, 17, 12, 37, 19, 24, 11, 13, 14, 5, 4, 10, 9, 33, 32, 23, 16, 21, 11, 31, 5, 10, 21, 21, 3, 17, 25, 19, 5, 18, 5, 19, 24, 7, 26, 31, 23, 22, 12, 21, 7, 19, 15, 3, 20, 14, 29, 33, 19, 22, 20, 25, 9, 24, 22, 20, 24]

Run 24
Start: 1516461233.12
End: 1516464044.23
Elapsed: 2811.11193395
Scores: [4, 35, 1, 34, 36, 32, 17, 17, 34, 30, 34, 35, 33, 16, 39, 31, 26, 37, 13, 39, 25, 11, 30, 25, 34, 34, 19, 34, 38, 36, 34, 24, 9, 30, 30, 38, 27, 14, 38, 27, 41, 12, 35, 38, 14, 17, 32, 43, 4, 13, 23, 35, 35, 37, 35, 32, 35, 16, 37, 7, 32, 9, 39, 37, 18, 36, 34, 7, 36, 34, 21, 29, 9, 29, 34, 32, 27, 34, 5, 27, 36, 34, 11, 31, 47, 40, 42, 16, 39, 35, 36, 31, 4, 34, 34, 25, 24, 27, 40, 22, 33, 21, 43, 24, 31, 31, 36, 34, 37, 43, 34, 18, 28, 25, 12, 18, 24, 20, 32, 38, 32, 5, 15, 35, 11, 18, 34, 23, 25, 29, 34, 32, 35, 37, 36, 35, 9, 35, 27, 37, 41, 34, 34, 17, 37, 38, 26, 23, 35, 29, 23, 34, 10, 34, 16, 36, 15, 23, 33, 37, 26, 34, 34, 34, 19, 39, 38, 40, 25, 7, 35, 37, 34, 35, 37, 35, 40, 14, 34, 34, 34, 20, 12, 36, 31, 17, 25, 36, 2, 36, 35, 34, 32, 33, 35, 39, 32, 37, 4, 33, 35, 26, 36, 30, 13, 34, 11, 35, 41, 35, 24, 11, 21, 33, 27, 41, 19, 15, 37, 36, 41, 34, 35, 38, 24, 25, 30, 37, 37, 34, 10, 23, 34, 35, 36, 21, 34, 35, 38, 13, 16, 34, 8, 36, 37, 28, 15, 41, 27, 12, 29, 38, 17, 35, 34, 27, 22, 34, 35, 14, 37, 34, 35, 34, 35, 48, 33, 31, 36, 35, 30, 38, 37, 40, 37, 35, 35, 38, 35, 25, 36, 35, 37, 42, 31, 7, 31, 36, 40, 13, 11, 37, 37, 28, 35, 31, 32, 35, 36, 36, 35, 36, 32, 9, 25, 37, 15, 34, 20, 40, 34, 36, 34, 34, 35, 34, 15, 19, 38, 25, 34, 37, 34, 8, 7, 35, 15, 21, 30, 39, 8, 29, 31, 13, 5, 38, 38, 31, 38, 35, 34, 34, 27, 37, 25, 48, 35, 10, 35, 32, 34, 8, 40, 37, 27, 38, 6, 31, 34, 30, 8, 25, 34, 12, 10, 38, 8, 36, 12, 34, 36, 39, 36, 38, 26, 29, 28, 35, 18, 29, 36, 42, 33, 34, 31, 35, 30, 27, 28, 39, 14, 15, 22, 10, 35, 29, 31, 33, 5, 26, 40, 39, 35, 41, 32, 29, 27, 28, 6, 11, 37, 3, 33, 37, 34, 36, 34, 22, 39, 9, 18, 36, 30, 24, 7, 29, 36, 17, 40, 26, 19, 34, 36, 18, 16, 35, 14, 36, 37, 34, 32, 30, 35, 37, 39, 39, 3, 34, 33, 31, 34, 35, 37, 6, 34, 37, 28, 38, 45, 17, 41, 5, 9, 19, 33, 26, 39, 36, 40, 37, 42, 36, 15, 36, 36, 34, 34, 34, 6, 33, 23, 20, 34, 35, 11, 22, 31, 35, 33, 29, 6, 31, 38, 34, 34, 17, 28, 31, 13, 34]

Run 29
Start: 1516463123.06
End: 1516464369.38
Elapsed: 1246.3249712
Scores: [20, 10, 4, 13, 4, 6, 10, 10, 7, 10, 1, 3, 1, 8, 3, 10, 10, 2, 2, 9, 8, 9, 1, 6, 5, 15, 11, 2, 9, 2, 5, 3, 3, 13, 11, 6, 10, 1, 5, 4, 8, 3, 5, 14, 7, 2, 7, 3, 3, 2, 6, 11, 9, 12, 3, 12, 9, 6, 5, 7, 8, 4, 5, 10, 6, 5, 10, 7, 6, 1, 15, 7, 8, 2, 15, 11, 9, 3, 13, 4, 4, 1, 10, 1, 12, 9, 6, 4, 1, 6, 8, 5, 5, 1, 14, 1, 4, 4, 2, 6, 9, 6, 10, 8, 6, 14, 5, 4, 16, 6, 15, 11, 8, 6, 2, 3, 5, 7, 3, 3, 1, 2, 3, 2, 6, 14, 3, 1, 6, 4, 8, 5, 2, 5, 8, 4, 1, 9, 2, 7, 8, 7, 2, 10, 11, 3, 1, 8, 10, 12, 4, 6, 3, 13, 1, 4, 1, 5, 12, 4, 6, 10, 2, 2, 18, 8, 2, 11, 6, 4, 6, 1, 1, 14, 7, 9, 7, 1, 12, 6, 11, 2, 16, 12, 1, 2, 8, 8, 9, 1, 2, 2, 4, 1, 9, 2, 8, 5, 3, 10, 13, 15, 7, 7, 5, 11, 7, 7, 5, 3, 7, 12, 1, 12, 1, 2, 3, 5, 8, 10, 8, 1, 4, 8, 7, 7, 11, 14, 7, 4, 3, 5, 1, 11, 5, 6, 1, 1, 12, 1, 1, 6, 1, 3, 1, 4, 10, 3, 9, 9, 4, 3, 10, 1, 10, 3, 1, 13, 2, 1, 1, 7, 6, 13, 2, 1, 3, 5, 3, 4, 1, 10, 12, 1, 10, 10, 1, 4, 9, 11, 2, 11, 3, 12, 2, 10, 10, 9, 2, 12, 7, 22, 2, 1, 4, 4, 4, 2, 4, 14, 5, 2, 4, 1, 13, 10, 7, 8, 5, 3, 3, 5, 5, 7, 1, 5, 2, 11, 9, 5, 3, 3, 9, 7, 4, 13, 5, 11, 1, 11, 2, 1, 8, 17, 7, 13, 11, 6, 5, 7, 5, 18, 10, 11, 3, 4, 11, 4, 14, 6, 7, 3, 5, 4, 8, 4, 7, 9, 3, 5, 13, 9, 2, 2, 11, 7, 1, 1, 3, 4, 6, 2, 1, 4, 15, 3, 4, 2, 9, 3, 10, 12, 1, 7, 3, 1, 5, 12, 5, 6, 6, 1, 5, 6, 7, 5, 5, 4, 18, 4, 1, 2, 16, 9, 4, 9, 12, 12, 4, 11, 5, 18, 3, 11, 7, 7, 1, 3, 13, 1, 2, 10, 12, 9, 11, 1, 7, 12, 17, 4, 6, 6, 2, 12, 10, 5, 6, 12, 5, 1, 2, 7, 5, 9, 14, 2, 10, 1, 11, 1, 15, 2, 11, 2, 13, 4, 8, 3, 11, 3, 16, 8, 13, 4, 2, 4, 9, 7, 13, 4, 16, 4, 12, 3, 9, 3, 7, 14, 15, 2, 3, 7, 11, 2, 7, 17, 5, 3, 3, 5, 19, 6, 4, 1, 12, 2, 4, 3, 5, 1]

